#!ascii label  , from subject  vox2ras=TkReg
561
2038  13.605  -78.380  -43.982  0.0000000000
2039  12.918  -78.479  -43.894  0.0000000000
2040  12.173  -78.449  -43.925  0.0000000000
2041  11.715  -78.388  -43.970  0.0000000000
2049  13.647  -78.405  -44.348  0.0000000000
2050  13.126  -78.518  -44.541  0.0000000000
2051  12.383  -78.655  -44.464  0.0000000000
2052  11.500  -78.546  -44.420  0.0000000000
2053  10.653  -78.453  -44.693  0.0000000000
2054  10.158  -78.419  -44.781  0.0000000000
2061  12.956  -78.522  -44.947  0.0000000000
2062  12.593  -78.568  -45.064  0.0000000000
2063  11.872  -78.679  -45.114  0.0000000000
2064  11.077  -78.699  -45.218  0.0000000000
2065  10.252  -78.628  -45.259  0.0000000000
2066  9.646  -78.496  -45.467  0.0000000000
2073  12.172  -78.505  -45.553  0.0000000000
2074  11.599  -78.571  -45.827  0.0000000000
2075  10.823  -78.681  -45.929  0.0000000000
2076  10.100  -78.681  -46.038  0.0000000000
2077  9.341  -78.553  -46.052  0.0000000000
2078  8.673  -78.550  -46.258  0.0000000000
2079  8.096  -78.421  -46.328  0.0000000000
2085  11.301  -78.494  -46.370  0.0000000000
2086  10.756  -78.486  -46.730  0.0000000000
2087  9.924  -78.663  -46.729  0.0000000000
2088  9.167  -78.673  -46.782  0.0000000000
2089  8.375  -78.613  -46.889  0.0000000000
2090  7.797  -78.395  -46.826  0.0000000000
2096  10.360  -78.444  -47.262  0.0000000000
2097  9.714  -78.533  -47.333  0.0000000000
2098  8.938  -78.533  -47.367  0.0000000000
2099  8.311  -78.507  -47.408  0.0000000000
2100  7.996  -78.539  -47.209  0.0000000000
2661  15.080  -77.919  -43.514  0.0000000000
2662  14.241  -78.076  -43.602  0.0000000000
2663  13.391  -78.150  -43.424  0.0000000000
2664  12.588  -78.028  -43.447  0.0000000000
2665  11.833  -77.956  -43.702  0.0000000000
2666  11.289  -77.733  -43.861  0.0000000000
2676  15.378  -77.667  -43.993  0.0000000000
2677  14.799  -77.786  -44.247  0.0000000000
2678  14.061  -78.100  -44.404  0.0000000000
2679  13.587  -78.266  -44.713  0.0000000000
2680  11.417  -78.184  -44.014  0.0000000000
2681  10.877  -77.983  -44.191  0.0000000000
2682  10.164  -77.963  -44.491  0.0000000000
2683  9.570  -77.731  -44.699  0.0000000000
2688  14.507  -77.702  -44.795  0.0000000000
2689  13.898  -77.753  -45.295  0.0000000000
2690  13.046  -78.271  -45.260  0.0000000000
2691  12.525  -78.380  -45.484  0.0000000000
2692  9.791  -78.256  -44.956  0.0000000000
2693  9.086  -78.025  -45.302  0.0000000000
2694  8.379  -77.795  -45.407  0.0000000000
2695  7.956  -77.603  -45.407  0.0000000000
2701  13.664  -77.596  -45.874  0.0000000000
2702  13.146  -77.790  -46.090  0.0000000000
2703  12.278  -78.227  -46.035  0.0000000000
2704  11.703  -78.362  -46.284  0.0000000000
2705  8.866  -78.344  -45.824  0.0000000000
2706  8.423  -78.194  -45.831  0.0000000000
2707  7.566  -77.851  -46.063  0.0000000000
2708  6.947  -77.667  -46.320  0.0000000000
2713  12.932  -77.634  -46.679  0.0000000000
2714  12.392  -77.778  -46.864  0.0000000000
2715  11.545  -78.171  -46.780  0.0000000000
2716  11.068  -78.228  -47.010  0.0000000000
2717  7.341  -78.072  -46.970  0.0000000000
2718  6.755  -77.725  -46.822  0.0000000000
2719  6.270  -77.563  -47.097  0.0000000000
2724  12.207  -77.668  -47.295  0.0000000000
2725  11.843  -77.754  -47.321  0.0000000000
2726  10.993  -78.007  -47.440  0.0000000000
2727  10.189  -78.152  -47.710  0.0000000000
2728  9.461  -78.196  -47.796  0.0000000000
2729  8.668  -78.196  -47.777  0.0000000000
2730  7.846  -78.180  -47.549  0.0000000000
2731  7.022  -77.792  -47.649  0.0000000000
2732  6.455  -77.659  -47.369  0.0000000000
2737  10.598  -77.733  -47.973  0.0000000000
2738  10.027  -77.766  -48.147  0.0000000000
2739  9.265  -77.804  -48.204  0.0000000000
2740  8.458  -77.810  -48.171  0.0000000000
2741  7.697  -77.738  -48.161  0.0000000000
2742  7.220  -77.616  -48.208  0.0000000000
3359  15.816  -77.390  -43.940  0.0000000000
3370  16.092  -76.938  -44.157  0.0000000000
3371  15.414  -77.178  -44.555  0.0000000000
3372  14.892  -77.491  -44.731  0.0000000000
3373  10.437  -77.452  -44.120  0.0000000000
3374  9.833  -77.119  -44.255  0.0000000000
3375  8.993  -77.221  -44.652  0.0000000000
3376  8.126  -76.926  -44.723  0.0000000000
3377  7.682  -76.834  -44.816  0.0000000000
3382  15.281  -76.869  -45.076  0.0000000000
3383  14.695  -77.185  -45.307  0.0000000000
3384  14.212  -77.390  -45.488  0.0000000000
3385  8.764  -77.584  -45.077  0.0000000000
3386  8.332  -77.396  -45.053  0.0000000000
3387  7.513  -77.199  -45.276  0.0000000000
3388  6.641  -76.918  -45.473  0.0000000000
3389  6.162  -76.770  -45.568  0.0000000000
3393  14.501  -76.909  -45.876  0.0000000000
3394  14.031  -77.220  -46.043  0.0000000000
3395  13.556  -77.520  -46.160  0.0000000000
3396  7.337  -77.478  -45.768  0.0000000000
3397  6.870  -77.362  -46.002  0.0000000000
3398  6.205  -76.957  -45.977  0.0000000000
3402  13.830  -77.050  -46.722  0.0000000000
3403  13.395  -77.335  -46.671  0.0000000000
3404  12.843  -77.433  -47.033  0.0000000000
3405  6.656  -77.520  -46.464  0.0000000000
3406  6.111  -77.215  -46.693  0.0000000000
3407  5.536  -76.980  -47.227  0.0000000000
3410  13.725  -76.937  -47.114  0.0000000000
3411  13.244  -77.037  -47.343  0.0000000000
3412  12.443  -77.277  -47.528  0.0000000000
3413  11.656  -77.407  -47.762  0.0000000000
3414  11.093  -77.467  -47.973  0.0000000000
3415  6.532  -77.566  -47.721  0.0000000000
3416  6.095  -77.332  -47.565  0.0000000000
3417  5.567  -76.996  -47.746  0.0000000000
3422  12.100  -76.980  -48.003  0.0000000000
3423  11.539  -77.033  -48.218  0.0000000000
3424  10.763  -77.206  -48.391  0.0000000000
3425  9.962  -77.358  -48.539  0.0000000000
3426  9.200  -77.396  -48.596  0.0000000000
3427  8.400  -77.396  -48.596  0.0000000000
3428  7.646  -77.376  -48.560  0.0000000000
3429  6.809  -77.353  -48.279  0.0000000000
3430  6.031  -77.031  -48.339  0.0000000000
3431  5.432  -76.818  -48.152  0.0000000000
3432  10.501  -76.942  -48.757  0.0000000000
3433  9.917  -76.933  -48.889  0.0000000000
3434  9.135  -76.939  -48.939  0.0000000000
3435  8.335  -76.939  -48.939  0.0000000000
3436  7.520  -76.921  -48.898  0.0000000000
3437  6.662  -76.787  -48.883  0.0000000000
3438  6.103  -76.805  -48.825  0.0000000000
4137  16.509  -76.715  -43.930  0.0000000000
4148  16.410  -76.343  -44.484  0.0000000000
4149  15.915  -76.699  -44.539  0.0000000000
4151  9.337  -76.644  -44.168  0.0000000000
4153  7.537  -76.425  -44.552  0.0000000000
4159  16.190  -76.197  -44.930  0.0000000000
4160  15.784  -76.429  -45.072  0.0000000000
4161  15.206  -76.653  -45.432  0.0000000000
4162  7.453  -76.766  -44.884  0.0000000000
4163  6.961  -76.642  -44.983  0.0000000000
4164  6.048  -76.363  -45.136  0.0000000000
4165  5.179  -76.204  -45.384  0.0000000000
4170  15.471  -76.244  -45.811  0.0000000000
4171  14.906  -76.595  -45.999  0.0000000000
4172  14.463  -76.741  -46.301  0.0000000000
4173  5.768  -76.588  -45.749  0.0000000000
4174  5.129  -76.434  -45.961  0.0000000000
4175  4.454  -76.439  -46.020  0.0000000000
4179  15.348  -76.162  -46.514  0.0000000000
4180  14.829  -76.410  -46.748  0.0000000000
4181  14.222  -76.717  -46.896  0.0000000000
4182  5.702  -76.744  -46.265  0.0000000000
4183  5.185  -76.662  -46.665  0.0000000000
4184  4.433  -76.547  -46.818  0.0000000000
4185  3.857  -76.747  -47.043  0.0000000000
4187  15.289  -76.089  -47.133  0.0000000000
4188  14.782  -76.220  -47.482  0.0000000000
4189  13.920  -76.533  -47.591  0.0000000000
4190  13.180  -76.649  -47.869  0.0000000000
4191  12.604  -76.722  -48.056  0.0000000000
4192  5.050  -76.675  -47.508  0.0000000000
4193  4.347  -76.490  -47.618  0.0000000000
4194  3.546  -76.629  -47.700  0.0000000000
4198  14.401  -76.034  -48.091  0.0000000000
4199  13.710  -76.204  -48.205  0.0000000000
4200  12.984  -76.229  -48.499  0.0000000000
4201  12.124  -76.546  -48.466  0.0000000000
4202  11.320  -76.670  -48.631  0.0000000000
4203  10.875  -76.776  -48.714  0.0000000000
4204  5.641  -76.656  -48.661  0.0000000000
4205  4.949  -76.456  -48.306  0.0000000000
4206  4.121  -76.173  -48.294  0.0000000000
4207  3.278  -76.126  -48.164  0.0000000000
4210  12.780  -75.935  -48.927  0.0000000000
4211  12.300  -76.064  -48.910  0.0000000000
4212  11.526  -76.167  -48.928  0.0000000000
4213  10.639  -76.381  -48.968  0.0000000000
4214  9.693  -76.335  -49.109  0.0000000000
4215  8.873  -76.335  -49.135  0.0000000000
4216  8.073  -76.335  -49.135  0.0000000000
4217  7.273  -76.305  -49.139  0.0000000000
4218  6.590  -76.194  -49.150  0.0000000000
4219  5.948  -76.320  -49.037  0.0000000000
4220  5.161  -76.164  -48.902  0.0000000000
4221  4.600  -76.079  -48.729  0.0000000000
4998  16.843  -75.885  -44.666  0.0000000000
5009  17.244  -75.460  -45.094  0.0000000000
5010  16.444  -75.877  -45.206  0.0000000000
5011  15.938  -75.956  -45.640  0.0000000000
5018  16.977  -75.386  -45.782  0.0000000000
5019  16.405  -75.644  -46.024  0.0000000000
5020  15.867  -75.867  -46.286  0.0000000000
5022  16.933  -75.333  -46.514  0.0000000000
5023  16.395  -75.566  -46.761  0.0000000000
5024  15.823  -75.823  -47.004  0.0000000000
5027  16.862  -75.256  -47.143  0.0000000000
5028  16.352  -75.392  -47.496  0.0000000000
5029  15.557  -75.732  -47.645  0.0000000000
5030  15.001  -75.801  -48.001  0.0000000000
5033  15.998  -75.242  -48.065  0.0000000000
5034  15.361  -75.422  -48.242  0.0000000000
5035  14.667  -75.467  -48.549  0.0000000000
5036  13.951  -75.780  -48.557  0.0000000000
5037  13.503  -75.948  -48.556  0.0000000000
5038  4.153  -75.792  -48.743  0.0000000000
5039  3.622  -75.518  -48.495  0.0000000000
5040  2.854  -75.623  -48.259  0.0000000000
5042  14.398  -75.152  -48.945  0.0000000000
5043  13.942  -75.313  -48.936  0.0000000000
5044  13.180  -75.580  -48.914  0.0000000000
5045  12.354  -75.522  -49.106  0.0000000000
5046  11.614  -75.535  -49.106  0.0000000000
5047  10.834  -75.600  -49.081  0.0000000000
5048  10.020  -75.665  -49.109  0.0000000000
5049  9.200  -75.665  -49.135  0.0000000000
5050  8.400  -75.665  -49.135  0.0000000000
5051  7.600  -75.665  -49.135  0.0000000000
5052  6.814  -75.646  -49.135  0.0000000000
5053  6.026  -75.614  -49.128  0.0000000000
5054  5.227  -75.567  -49.085  0.0000000000
5055  4.495  -75.594  -48.951  0.0000000000
5056  3.999  -75.512  -48.843  0.0000000000
5836  17.511  -75.078  -45.650  0.0000000000
5842  17.990  -74.631  -45.978  0.0000000000
5843  17.438  -74.995  -46.257  0.0000000000
5847  17.805  -74.489  -46.750  0.0000000000
5848  17.315  -74.942  -46.975  0.0000000000
5849  2.495  -74.657  -46.814  0.0000000000
5852  17.535  -74.530  -47.378  0.0000000000
5853  17.012  -74.774  -47.746  0.0000000000
5854  16.491  -75.059  -47.943  0.0000000000
5855  3.239  -74.578  -47.833  0.0000000000
5856  2.733  -74.766  -47.620  0.0000000000
5858  16.896  -74.453  -48.277  0.0000000000
5859  16.352  -74.672  -48.476  0.0000000000
5860  15.564  -74.981  -48.543  0.0000000000
5861  15.121  -75.166  -48.574  0.0000000000
5862  10.362  -74.527  -48.652  0.0000000000
5863  9.714  -74.599  -48.601  0.0000000000
5864  8.939  -74.604  -48.596  0.0000000000
5865  8.139  -74.604  -48.596  0.0000000000
5866  7.339  -74.604  -48.596  0.0000000000
5867  6.539  -74.604  -48.596  0.0000000000
5868  5.774  -74.554  -48.635  0.0000000000
5869  5.311  -74.464  -48.694  0.0000000000
5870  4.060  -74.612  -48.592  0.0000000000
5871  3.634  -74.743  -48.296  0.0000000000
5872  3.037  -75.029  -48.155  0.0000000000
5873  2.445  -75.271  -47.952  0.0000000000
5874  16.082  -74.354  -48.938  0.0000000000
5875  15.620  -74.514  -48.922  0.0000000000
5876  14.841  -74.790  -48.923  0.0000000000
5877  14.020  -74.722  -49.106  0.0000000000
5878  13.245  -74.767  -49.104  0.0000000000
5879  12.413  -74.833  -49.104  0.0000000000
5880  11.660  -74.878  -49.116  0.0000000000
5881  10.940  -74.835  -48.969  0.0000000000
5882  10.218  -75.023  -48.948  0.0000000000
5883  9.461  -75.061  -48.939  0.0000000000
5884  8.661  -75.061  -48.939  0.0000000000
5885  7.861  -75.061  -48.939  0.0000000000
5886  7.061  -75.061  -48.939  0.0000000000
5887  6.241  -75.029  -48.946  0.0000000000
5888  5.334  -74.830  -48.954  0.0000000000
5889  4.556  -74.872  -48.922  0.0000000000
5890  3.995  -75.104  -48.769  0.0000000000
6747  3.967  -73.667  -45.467  0.0000000000
6748  3.454  -73.795  -45.217  0.0000000000
6752  18.139  -74.264  -46.380  0.0000000000
6753  4.783  -73.700  -46.267  0.0000000000
6754  4.238  -73.742  -46.033  0.0000000000
6755  3.580  -73.970  -45.973  0.0000000000
6758  18.158  -73.850  -46.841  0.0000000000
6759  8.857  -73.592  -47.208  0.0000000000
6760  8.137  -73.657  -47.114  0.0000000000
6761  7.386  -73.706  -47.065  0.0000000000
6762  6.604  -73.739  -47.061  0.0000000000
6763  5.847  -73.748  -47.023  0.0000000000
6764  5.129  -73.771  -46.829  0.0000000000
6765  4.372  -73.930  -46.851  0.0000000000
6766  3.693  -74.078  -46.731  0.0000000000
6767  3.067  -74.282  -46.471  0.0000000000
6768  17.762  -73.948  -47.645  0.0000000000
6769  17.468  -74.331  -47.756  0.0000000000
6770  10.543  -73.521  -47.880  0.0000000000
6771  10.052  -73.747  -47.816  0.0000000000
6772  9.363  -73.902  -47.698  0.0000000000
6773  8.629  -73.967  -47.633  0.0000000000
6774  7.861  -74.000  -47.600  0.0000000000
6775  7.061  -74.000  -47.600  0.0000000000
6776  6.261  -74.000  -47.600  0.0000000000
6777  5.480  -74.000  -47.586  0.0000000000
6778  4.705  -74.051  -47.611  0.0000000000
6779  3.852  -74.250  -47.671  0.0000000000
6780  3.134  -74.367  -47.257  0.0000000000
6781  17.686  -73.770  -48.152  0.0000000000
6782  17.328  -74.020  -48.256  0.0000000000
6783  16.812  -74.200  -48.571  0.0000000000
6784  12.238  -73.577  -48.781  0.0000000000
6785  11.804  -73.711  -48.659  0.0000000000
6786  10.893  -73.993  -48.441  0.0000000000
6787  9.937  -74.174  -48.236  0.0000000000
6788  9.184  -74.245  -48.155  0.0000000000
6789  8.400  -74.261  -48.139  0.0000000000
6790  7.600  -74.261  -48.139  0.0000000000
6791  6.800  -74.261  -48.139  0.0000000000
6792  6.000  -74.257  -48.157  0.0000000000
6793  5.215  -74.241  -48.289  0.0000000000
6794  4.453  -74.311  -48.425  0.0000000000
6795  3.940  -74.382  -48.277  0.0000000000
6796  17.013  -73.787  -48.783  0.0000000000
6797  16.480  -73.979  -48.986  0.0000000000
6798  15.797  -73.987  -49.181  0.0000000000
6799  15.061  -74.033  -49.195  0.0000000000
6800  14.268  -74.020  -49.220  0.0000000000
6801  13.449  -73.987  -49.200  0.0000000000
6802  12.521  -73.979  -49.008  0.0000000000
6803  11.701  -74.274  -48.934  0.0000000000
6804  11.219  -74.430  -48.937  0.0000000000
6805  4.984  -74.374  -48.729  0.0000000000
6806  4.768  -74.473  -48.870  0.0000000000
7779  3.995  -73.025  -44.791  0.0000000000
7788  5.511  -72.873  -45.594  0.0000000000
7789  4.998  -72.967  -45.436  0.0000000000
7790  4.356  -73.188  -45.241  0.0000000000
7791  3.900  -73.389  -45.011  0.0000000000
7794  7.166  -72.911  -46.322  0.0000000000
7795  6.608  -72.923  -46.205  0.0000000000
7796  5.921  -73.004  -46.008  0.0000000000
7797  5.259  -73.346  -46.029  0.0000000000
7798  4.762  -73.429  -45.771  0.0000000000
7801  9.544  -72.971  -47.123  0.0000000000
7802  9.012  -73.031  -46.983  0.0000000000
7803  8.349  -73.102  -46.837  0.0000000000
7804  7.646  -73.155  -46.642  0.0000000000
7805  6.953  -73.358  -46.614  0.0000000000
7806  6.239  -73.405  -46.566  0.0000000000
7807  5.650  -73.478  -46.489  0.0000000000
7808  18.007  -73.197  -47.624  0.0000000000
7809  11.098  -72.997  -47.935  0.0000000000
7810  10.627  -73.073  -47.768  0.0000000000
7811  10.024  -73.175  -47.504  0.0000000000
7812  9.500  -73.439  -47.332  0.0000000000
7813  17.673  -73.268  -48.493  0.0000000000
7814  17.308  -73.547  -48.703  0.0000000000
7815  12.035  -73.114  -48.688  0.0000000000
7816  11.438  -73.217  -48.283  0.0000000000
7817  10.976  -73.381  -48.020  0.0000000000
7818  17.582  -72.896  -49.088  0.0000000000
7819  17.071  -73.210  -49.248  0.0000000000
7820  16.204  -73.465  -49.461  0.0000000000
7821  15.404  -73.527  -49.527  0.0000000000
7822  14.622  -73.453  -49.534  0.0000000000
7823  13.775  -73.173  -49.495  0.0000000000
7824  12.978  -73.277  -49.195  0.0000000000
7825  12.456  -73.330  -48.946  0.0000000000
7826  4.796  -72.859  -49.526  0.0000000000
7829  16.964  -72.936  -49.725  0.0000000000
7830  16.568  -73.003  -49.881  0.0000000000
7831  15.819  -73.170  -49.980  0.0000000000
7832  15.071  -73.208  -50.065  0.0000000000
7833  14.267  -73.036  -50.136  0.0000000000
7834  9.628  -72.803  -50.112  0.0000000000
7835  9.181  -72.859  -50.180  0.0000000000
7836  8.465  -72.910  -50.247  0.0000000000
7837  7.665  -72.939  -50.261  0.0000000000
7838  6.865  -72.913  -50.274  0.0000000000
7839  6.104  -72.890  -50.203  0.0000000000
7840  5.347  -72.892  -49.983  0.0000000000
7843  16.202  -72.876  -50.324  0.0000000000
7844  15.630  -72.908  -50.594  0.0000000000
7845  14.837  -73.044  -50.724  0.0000000000
7846  14.046  -72.933  -50.828  0.0000000000
7847  13.265  -72.878  -50.978  0.0000000000
7848  12.465  -72.878  -51.014  0.0000000000
7849  11.699  -72.886  -51.090  0.0000000000
7850  11.198  -72.844  -51.247  0.0000000000
7851  9.667  -72.827  -50.381  0.0000000000
7852  9.178  -72.907  -50.695  0.0000000000
7853  8.362  -73.035  -50.761  0.0000000000
7854  7.600  -73.044  -50.813  0.0000000000
7855  6.800  -72.901  -50.899  0.0000000000
7856  5.969  -72.898  -50.607  0.0000000000
7857  5.285  -72.839  -50.567  0.0000000000
7859  15.294  -72.817  -51.100  0.0000000000
7860  14.733  -72.872  -51.282  0.0000000000
7861  14.000  -72.878  -51.386  0.0000000000
7862  13.200  -72.878  -51.422  0.0000000000
7863  12.400  -72.905  -51.545  0.0000000000
7864  11.640  -72.927  -51.596  0.0000000000
7865  11.184  -72.858  -51.524  0.0000000000
7866  8.933  -72.895  -51.162  0.0000000000
7867  8.362  -72.929  -51.296  0.0000000000
7868  7.646  -72.900  -51.361  0.0000000000
7869  7.184  -72.780  -51.426  0.0000000000
7870  12.178  -72.817  -51.922  0.0000000000
7871  11.822  -72.722  -52.017  0.0000000000
8870  4.191  -72.776  -44.847  0.0000000000
8871  3.812  -72.669  -44.748  0.0000000000
8882  5.805  -72.528  -45.567  0.0000000000
8883  5.327  -72.438  -45.354  0.0000000000
8884  4.506  -72.461  -45.114  0.0000000000
8885  3.678  -72.241  -45.030  0.0000000000
8892  7.426  -72.578  -46.329  0.0000000000
8893  6.957  -72.424  -46.151  0.0000000000
8894  6.275  -72.342  -45.899  0.0000000000
8899  9.677  -72.662  -47.273  0.0000000000
8900  9.140  -72.426  -47.050  0.0000000000
8901  8.462  -72.442  -46.831  0.0000000000
8902  7.831  -72.502  -46.586  0.0000000000
8909  11.206  -72.738  -48.133  0.0000000000
8910  10.688  -72.673  -47.987  0.0000000000
8911  9.993  -72.622  -47.741  0.0000000000
8912  9.357  -72.254  -47.472  0.0000000000
8913  4.171  -72.143  -47.843  0.0000000000
8917  17.888  -72.411  -48.424  0.0000000000
8918  11.956  -72.665  -48.844  0.0000000000
8919  11.477  -72.666  -48.603  0.0000000000
8920  10.762  -72.499  -48.504  0.0000000000
8921  10.000  -72.436  -48.434  0.0000000000
8922  9.157  -72.232  -48.306  0.0000000000
8923  8.354  -72.159  -48.626  0.0000000000
8924  7.600  -72.139  -48.661  0.0000000000
8925  6.800  -72.139  -48.661  0.0000000000
8926  6.014  -72.167  -48.661  0.0000000000
8927  5.247  -72.204  -48.610  0.0000000000
8928  4.444  -72.231  -48.463  0.0000000000
8931  17.685  -72.425  -49.246  0.0000000000
8932  17.455  -72.749  -49.378  0.0000000000
8933  13.535  -72.666  -49.665  0.0000000000
8934  13.096  -72.709  -49.532  0.0000000000
8935  12.321  -72.743  -49.254  0.0000000000
8936  11.554  -72.490  -49.260  0.0000000000
8937  10.814  -72.457  -49.214  0.0000000000
8938  10.047  -72.461  -49.167  0.0000000000
8939  9.265  -72.440  -49.122  0.0000000000
8940  8.465  -72.407  -49.155  0.0000000000
8941  7.665  -72.400  -49.200  0.0000000000
8942  6.865  -72.400  -49.200  0.0000000000
8943  6.104  -72.434  -49.195  0.0000000000
8944  5.354  -72.571  -49.229  0.0000000000
8945  4.598  -72.583  -49.056  0.0000000000
8948  17.582  -72.125  -49.763  0.0000000000
8949  17.128  -72.530  -49.899  0.0000000000
8950  16.582  -72.720  -50.234  0.0000000000
8951  13.720  -72.721  -50.007  0.0000000000
8952  13.187  -72.553  -50.013  0.0000000000
8953  12.465  -72.536  -49.967  0.0000000000
8954  11.661  -72.499  -49.953  0.0000000000
8955  10.856  -72.483  -49.986  0.0000000000
8956  10.079  -72.602  -49.941  0.0000000000
8957  9.462  -72.644  -49.762  0.0000000000
8958  8.727  -72.661  -49.739  0.0000000000
8959  7.927  -72.661  -49.739  0.0000000000
8960  7.127  -72.661  -49.739  0.0000000000
8961  6.351  -72.667  -49.733  0.0000000000
8962  5.738  -72.711  -49.689  0.0000000000
8966  16.991  -72.061  -50.359  0.0000000000
8967  16.429  -72.364  -50.581  0.0000000000
8968  15.805  -72.379  -51.034  0.0000000000
8969  13.868  -72.795  -50.410  0.0000000000
8970  13.438  -72.711  -50.507  0.0000000000
8971  12.727  -72.661  -50.539  0.0000000000
8972  11.922  -72.657  -50.557  0.0000000000
8973  11.098  -72.636  -50.726  0.0000000000
8974  10.132  -72.639  -50.768  0.0000000000
8975  9.481  -72.696  -51.200  0.0000000000
8976  6.416  -72.748  -51.010  0.0000000000
8981  15.379  -72.373  -51.467  0.0000000000
8982  14.733  -72.558  -51.724  0.0000000000
8983  14.000  -72.596  -51.796  0.0000000000
8984  13.238  -72.605  -51.839  0.0000000000
8985  12.667  -72.633  -51.967  0.0000000000
8986  11.387  -72.743  -51.792  0.0000000000
8987  10.868  -72.582  -51.499  0.0000000000
8988  10.051  -72.452  -51.593  0.0000000000
8989  9.200  -72.568  -51.655  0.0000000000
8990  8.400  -72.592  -51.778  0.0000000000
8991  7.646  -72.550  -51.773  0.0000000000
8992  6.784  -72.379  -51.600  0.0000000000
8995  15.228  -72.089  -51.912  0.0000000000
8996  14.680  -72.133  -52.098  0.0000000000
8997  13.942  -72.139  -52.177  0.0000000000
8998  13.180  -72.210  -52.252  0.0000000000
8999  12.376  -72.366  -52.258  0.0000000000
9000  11.543  -72.338  -52.180  0.0000000000
9001  10.735  -72.183  -52.130  0.0000000000
9002  9.939  -72.135  -52.135  0.0000000000
9003  9.139  -72.135  -52.135  0.0000000000
9004  8.335  -72.139  -52.139  0.0000000000
9005  7.580  -72.093  -52.116  0.0000000000
10069  5.755  -72.127  -45.560  0.0000000000
10070  5.207  -71.965  -45.507  0.0000000000
10071  4.413  -71.894  -45.468  0.0000000000
10072  3.638  -71.871  -45.504  0.0000000000
10082  7.358  -72.157  -46.356  0.0000000000
10083  6.850  -71.944  -46.271  0.0000000000
10084  6.004  -71.807  -46.065  0.0000000000
10085  5.186  -71.680  -46.080  0.0000000000
10086  4.357  -71.694  -46.065  0.0000000000
10092  9.039  -72.024  -47.224  0.0000000000
10093  8.576  -71.961  -47.136  0.0000000000
10094  7.669  -71.893  -46.855  0.0000000000
10095  6.747  -71.672  -46.833  0.0000000000
10096  5.920  -71.614  -46.814  0.0000000000
10097  5.046  -71.654  -46.888  0.0000000000
10098  4.129  -71.820  -46.721  0.0000000000
10105  8.831  -71.911  -47.693  0.0000000000
10106  8.109  -71.752  -47.582  0.0000000000
10107  7.286  -71.691  -47.535  0.0000000000
10108  6.473  -71.665  -47.535  0.0000000000
10109  5.673  -71.665  -47.568  0.0000000000
10110  5.072  -71.721  -47.629  0.0000000000
10111  4.567  -71.857  -47.390  0.0000000000
10117  8.756  -71.988  -48.210  0.0000000000
10118  8.279  -71.903  -48.163  0.0000000000
10119  7.535  -71.861  -48.139  0.0000000000
10120  6.735  -71.861  -48.139  0.0000000000
10121  5.935  -71.861  -48.139  0.0000000000
10122  5.186  -71.871  -48.115  0.0000000000
10123  4.689  -71.916  -47.934  0.0000000000
10126  17.692  -71.639  -49.163  0.0000000000
10130  17.703  -71.936  -49.618  0.0000000000
10131  17.338  -71.639  -49.978  0.0000000000
10134  16.850  -71.604  -50.657  0.0000000000
10135  16.257  -71.630  -51.124  0.0000000000
10136  15.798  -71.984  -51.281  0.0000000000
10140  16.105  -71.216  -51.462  0.0000000000
10141  15.695  -71.570  -51.653  0.0000000000
10145  15.179  -71.529  -52.143  0.0000000000
10146  14.546  -71.535  -52.373  0.0000000000
10147  13.756  -71.524  -52.598  0.0000000000
10148  12.932  -71.810  -52.614  0.0000000000
10149  12.139  -71.847  -52.618  0.0000000000
10150  11.339  -71.814  -52.600  0.0000000000
10151  10.559  -71.747  -52.561  0.0000000000
10152  9.775  -71.529  -52.484  0.0000000000
10153  8.943  -71.535  -52.349  0.0000000000
10158  13.604  -71.209  -52.939  0.0000000000
10159  13.289  -71.408  -52.907  0.0000000000
10160  12.662  -71.367  -52.933  0.0000000000
10161  11.861  -71.339  -52.939  0.0000000000
10162  11.078  -71.322  -52.922  0.0000000000
10163  10.385  -71.189  -52.852  0.0000000000
11320  17.091  -70.797  -50.538  0.0000000000
11321  16.735  -71.067  -51.003  0.0000000000
11326  16.445  -70.760  -51.405  0.0000000000
11327  15.967  -70.800  -51.727  0.0000000000
11332  15.538  -70.846  -52.041  0.0000000000
11333  14.974  -70.800  -52.364  0.0000000000
11334  14.348  -70.846  -52.604  0.0000000000
