#!ascii label  , from subject  vox2ras=TkReg
1915
11819  -40.998  -67.156  -30.352  0.0000000000
11832  -40.550  -67.773  -31.105  0.0000000000
11833  -40.942  -67.297  -30.890  0.0000000000
11848  -40.461  -67.794  -31.733  0.0000000000
11849  -40.817  -67.356  -31.724  0.0000000000
11860  -40.306  -67.434  -32.192  0.0000000000
11861  -40.720  -67.202  -32.251  0.0000000000
12944  -41.590  -66.423  -30.314  0.0000000000
12958  -41.337  -66.655  -30.758  0.0000000000
12959  -41.635  -66.343  -30.642  0.0000000000
12972  -41.186  -66.771  -31.567  0.0000000000
12981  -39.629  -66.816  -32.487  0.0000000000
12982  -40.367  -66.935  -32.565  0.0000000000
12983  -40.959  -66.771  -32.481  0.0000000000
12992  -39.867  -66.571  -32.855  0.0000000000
12993  -40.392  -66.557  -33.125  0.0000000000
12994  -40.956  -66.486  -33.339  0.0000000000
13008  -40.666  -66.394  -33.661  0.0000000000
13009  -40.960  -66.444  -33.703  0.0000000000
13989  -42.076  -65.580  -27.957  0.0000000000
13990  -42.353  -65.561  -27.942  0.0000000000
14011  -41.537  -65.648  -28.849  0.0000000000
14012  -42.050  -65.656  -28.406  0.0000000000
14013  -42.548  -65.570  -28.222  0.0000000000
14025  -41.974  -65.674  -29.094  0.0000000000
14026  -42.443  -65.581  -28.656  0.0000000000
14039  -41.365  -66.232  -29.709  0.0000000000
14040  -41.698  -65.951  -29.836  0.0000000000
14055  -41.555  -65.906  -30.936  0.0000000000
14056  -41.752  -65.902  -30.504  0.0000000000
14069  -41.488  -66.016  -31.485  0.0000000000
14070  -41.689  -65.689  -32.067  0.0000000000
14082  -38.814  -66.034  -32.438  0.0000000000
14083  -39.371  -66.262  -32.795  0.0000000000
14084  -41.426  -66.223  -32.194  0.0000000000
14085  -41.733  -65.752  -32.667  0.0000000000
14100  -38.990  -65.838  -33.043  0.0000000000
14101  -39.629  -66.146  -33.259  0.0000000000
14102  -40.127  -66.240  -33.612  0.0000000000
14103  -41.360  -66.217  -33.006  0.0000000000
14104  -41.657  -65.733  -33.396  0.0000000000
14118  -39.111  -65.722  -33.550  0.0000000000
14119  -39.586  -65.839  -33.927  0.0000000000
14120  -40.308  -66.041  -34.024  0.0000000000
14121  -41.073  -66.049  -33.867  0.0000000000
14122  -41.574  -65.679  -33.875  0.0000000000
14132  -39.862  -65.666  -34.349  0.0000000000
14133  -40.419  -65.668  -34.437  0.0000000000
14134  -40.993  -65.569  -34.450  0.0000000000
15108  0.000  0.000  0.000  0.0000000000
15109  0.000  0.000  0.000  0.0000000000
15110  0.000  0.000  0.000  0.0000000000
15116  0.000  0.000  0.000  0.0000000000
15117  0.000  0.000  0.000  0.0000000000
15118  0.000  0.000  0.000  0.0000000000
15125  0.000  0.000  0.000  0.0000000000
15126  0.000  0.000  0.000  0.0000000000
15127  0.000  0.000  0.000  0.0000000000
15137  0.000  0.000  0.000  0.0000000000
15138  0.000  0.000  0.000  0.0000000000
15139  0.000  0.000  0.000  0.0000000000
15140  0.000  0.000  0.000  0.0000000000
15155  0.000  0.000  0.000  0.0000000000
15156  0.000  0.000  0.000  0.0000000000
15157  0.000  0.000  0.000  0.0000000000
15168  -42.324  -64.849  -27.253  0.0000000000
15169  -42.927  -64.816  -26.699  0.0000000000
15170  -43.748  -64.855  -26.604  0.0000000000
15171  -44.197  -64.765  -26.361  0.0000000000
15184  -42.003  -65.105  -27.710  0.0000000000
15185  -42.761  -65.096  -27.635  0.0000000000
15186  -43.340  -64.816  -27.125  0.0000000000
15201  -41.808  -65.384  -28.070  0.0000000000
15202  -42.774  -65.149  -28.374  0.0000000000
15218  -42.158  -65.051  -29.515  0.0000000000
15219  -42.517  -65.125  -28.917  0.0000000000
15232  -41.936  -65.186  -30.255  0.0000000000
15244  -41.525  -65.492  -31.044  0.0000000000
15245  -41.776  -65.241  -30.985  0.0000000000
15258  -41.550  -65.528  -31.230  0.0000000000
15259  -41.820  -65.229  -31.681  0.0000000000
15274  -38.125  -65.232  -32.385  0.0000000000
15275  -38.509  -65.471  -32.837  0.0000000000
15276  -41.962  -65.224  -32.438  0.0000000000
15293  -37.507  -64.893  -33.393  0.0000000000
15294  -37.890  -65.010  -33.173  0.0000000000
15295  -38.560  -65.423  -33.431  0.0000000000
15296  -41.928  -65.329  -33.089  0.0000000000
15305  -37.509  -64.910  -33.729  0.0000000000
15306  -38.027  -65.124  -33.913  0.0000000000
15307  -38.771  -65.371  -34.071  0.0000000000
15308  -39.348  -65.414  -34.347  0.0000000000
15309  -41.405  -65.554  -34.180  0.0000000000
15310  -41.816  -65.185  -33.855  0.0000000000
15317  -37.542  -64.857  -34.250  0.0000000000
15318  -38.083  -64.897  -34.438  0.0000000000
15319  -38.822  -64.960  -34.536  0.0000000000
15320  -39.695  -65.091  -34.573  0.0000000000
15321  -40.599  -65.149  -34.623  0.0000000000
15322  -41.333  -65.109  -34.462  0.0000000000
15323  -41.764  -64.849  -34.305  0.0000000000
16335  0.000  0.000  0.000  0.0000000000
16336  0.000  0.000  0.000  0.0000000000
16349  0.000  0.000  0.000  0.0000000000
16358  0.000  0.000  0.000  0.0000000000
16359  0.000  0.000  0.000  0.0000000000
16365  0.000  0.000  0.000  0.0000000000
16366  0.000  0.000  0.000  0.0000000000
16372  0.000  0.000  0.000  0.0000000000
16373  0.000  0.000  0.000  0.0000000000
16374  0.000  0.000  0.000  0.0000000000
16383  0.000  0.000  0.000  0.0000000000
16384  0.000  0.000  0.000  0.0000000000
16385  0.000  0.000  0.000  0.0000000000
16399  0.000  0.000  0.000  0.0000000000
16400  0.000  0.000  0.000  0.0000000000
16413  -43.790  -64.333  -26.943  0.0000000000
16414  -44.211  -64.337  -26.500  0.0000000000
16428  -43.063  -64.652  -28.013  0.0000000000
16429  -43.386  -64.367  -27.495  0.0000000000
16447  -42.877  -64.344  -28.518  0.0000000000
16448  -43.246  -64.163  -27.969  0.0000000000
16467  -42.228  -64.139  -29.495  0.0000000000
16468  -42.502  -64.503  -29.091  0.0000000000
16480  -42.090  -64.353  -30.094  0.0000000000
16495  -42.057  -64.438  -30.772  0.0000000000
16513  -42.183  -64.441  -31.494  0.0000000000
16514  -42.544  -64.166  -32.034  0.0000000000
16531  -37.701  -64.728  -32.676  0.0000000000
16532  -42.214  -64.647  -32.201  0.0000000000
16533  -42.522  -64.294  -32.567  0.0000000000
16542  -35.941  -64.090  -33.430  0.0000000000
16544  -37.282  -64.643  -33.285  0.0000000000
16545  -37.693  -64.707  -33.007  0.0000000000
16546  -42.189  -64.737  -33.048  0.0000000000
16547  -42.600  -64.188  -33.192  0.0000000000
16556  -35.961  -64.038  -33.926  0.0000000000
16557  -36.693  -64.367  -33.961  0.0000000000
16558  -37.193  -64.669  -34.034  0.0000000000
16559  -39.244  -64.144  -34.233  0.0000000000
16560  -39.834  -64.185  -34.196  0.0000000000
16561  -40.596  -64.204  -34.196  0.0000000000
16562  -41.382  -64.210  -34.165  0.0000000000
16563  -42.097  -64.347  -33.886  0.0000000000
16564  -42.640  -64.016  -33.642  0.0000000000
16572  -36.017  -63.917  -34.469  0.0000000000
16573  -36.482  -64.088  -34.429  0.0000000000
16574  -37.314  -64.400  -34.471  0.0000000000
16575  -38.198  -64.405  -34.610  0.0000000000
16576  -38.923  -64.402  -34.502  0.0000000000
16577  -39.543  -64.496  -34.485  0.0000000000
16578  -40.198  -64.635  -34.521  0.0000000000
16579  -40.976  -64.652  -34.505  0.0000000000
16580  -41.567  -64.641  -34.402  0.0000000000
16753  0.000  0.000  0.000  0.0000000000
16754  0.000  0.000  0.000  0.0000000000
16765  0.000  0.000  0.000  0.0000000000
17619  0.000  0.000  0.000  0.0000000000
17620  0.000  0.000  0.000  0.0000000000
17631  0.000  0.000  0.000  0.0000000000
17632  0.000  0.000  0.000  0.0000000000
17644  0.000  0.000  0.000  0.0000000000
17645  0.000  0.000  0.000  0.0000000000
17659  0.000  0.000  0.000  0.0000000000
17668  0.000  0.000  0.000  0.0000000000
17673  0.000  0.000  0.000  0.0000000000
17679  0.000  0.000  0.000  0.0000000000
17680  0.000  0.000  0.000  0.0000000000
17690  -44.598  -63.611  -26.152  0.0000000000
17691  0.000  0.000  0.000  0.0000000000
17706  -43.818  -63.600  -27.047  0.0000000000
17707  -44.204  -63.600  -26.604  0.0000000000
17723  -43.142  -63.197  -27.942  0.0000000000
17724  -43.451  -63.557  -27.576  0.0000000000
17746  -42.880  -63.446  -28.537  0.0000000000
17747  -43.178  -63.776  -28.128  0.0000000000
17768  -42.235  -63.514  -29.504  0.0000000000
17769  -42.529  -63.699  -29.088  0.0000000000
17785  -42.151  -63.619  -29.967  0.0000000000
17801  -42.258  -63.633  -30.637  0.0000000000
17802  -42.607  -63.407  -31.126  0.0000000000
17814  -42.317  -63.883  -31.167  0.0000000000
17815  -42.705  -63.722  -31.628  0.0000000000
17816  -43.211  -63.363  -31.847  0.0000000000
17826  -38.440  -63.376  -32.830  0.0000000000
17827  -38.904  -63.354  -32.707  0.0000000000
17828  -39.652  -63.344  -32.675  0.0000000000
17829  -40.394  -63.294  -32.680  0.0000000000
17830  -40.930  -63.174  -32.658  0.0000000000
17831  -42.941  -63.778  -32.474  0.0000000000
17832  -43.449  -63.284  -32.282  0.0000000000
17839  -34.379  -63.210  -33.638  0.0000000000
17842  -36.117  -63.914  -32.987  0.0000000000
17843  -37.633  -63.267  -33.467  0.0000000000
17844  -38.162  -63.413  -33.240  0.0000000000
17845  -38.813  -63.577  -33.246  0.0000000000
17846  -39.535  -63.600  -33.200  0.0000000000
17847  -40.347  -63.575  -33.200  0.0000000000
17848  -41.224  -63.378  -33.210  0.0000000000
17849  -41.822  -63.280  -33.484  0.0000000000
17850  -42.973  -63.750  -33.311  0.0000000000
17851  -43.408  -63.362  -32.922  0.0000000000
17862  -34.373  -63.191  -33.938  0.0000000000
17863  -34.845  -63.332  -34.051  0.0000000000
17864  -35.378  -63.696  -33.815  0.0000000000
17865  -36.762  -63.338  -34.195  0.0000000000
17866  -37.305  -63.399  -33.976  0.0000000000
17867  -37.982  -63.604  -33.967  0.0000000000
17868  -38.684  -63.829  -33.946  0.0000000000
17869  -39.382  -63.852  -33.777  0.0000000000
17870  -40.139  -63.861  -33.739  0.0000000000
17871  -40.971  -63.803  -33.746  0.0000000000
17872  -41.903  -63.606  -33.766  0.0000000000
17873  -42.706  -63.617  -33.742  0.0000000000
17874  -43.237  -63.333  -33.487  0.0000000000
17884  -35.164  -63.180  -34.479  0.0000000000
17885  -35.604  -63.524  -34.389  0.0000000000
17886  -36.299  -63.560  -34.465  0.0000000000
17887  -36.976  -63.795  -34.458  0.0000000000
17888  -37.709  -63.903  -34.443  0.0000000000
17889  -38.333  -63.983  -34.417  0.0000000000
18035  0.000  0.000  0.000  0.0000000000
18036  0.000  0.000  0.000  0.0000000000
18050  0.000  0.000  0.000  0.0000000000
18051  0.000  0.000  0.000  0.0000000000
18052  0.000  0.000  0.000  0.0000000000
18068  0.000  0.000  0.000  0.0000000000
18069  0.000  0.000  0.000  0.0000000000
18953  0.000  0.000  0.000  0.0000000000
18962  0.000  0.000  0.000  0.0000000000
18969  0.000  0.000  0.000  0.0000000000
18970  0.000  0.000  0.000  0.0000000000
18982  0.000  0.000  0.000  0.0000000000
18983  0.000  0.000  0.000  0.0000000000
18996  0.000  0.000  0.000  0.0000000000
19008  0.000  0.000  0.000  0.0000000000
19018  0.000  0.000  0.000  0.0000000000
19019  0.000  0.000  0.000  0.0000000000
19035  -44.634  -62.838  -26.253  0.0000000000
19036  -45.042  -62.838  -25.861  0.0000000000
19054  -43.847  -62.800  -27.047  0.0000000000
19055  -44.242  -62.838  -26.647  0.0000000000
19072  -43.141  -62.615  -27.808  0.0000000000
19073  -43.448  -62.732  -27.458  0.0000000000
19097  -42.963  -62.692  -28.439  0.0000000000
19114  -42.361  -63.223  -29.377  0.0000000000
19115  -42.658  -62.878  -29.281  0.0000000000
19127  -42.306  -63.093  -29.788  0.0000000000
19128  -42.641  -62.686  -30.108  0.0000000000
19138  -38.879  -62.399  -31.201  0.0000000000
19139  -39.293  -62.430  -31.185  0.0000000000
19140  -39.912  -62.417  -31.199  0.0000000000
19141  -42.344  -63.111  -30.317  0.0000000000
19142  -42.835  -62.813  -30.776  0.0000000000
19143  -43.405  -62.590  -31.158  0.0000000000
19153  -37.375  -62.407  -32.050  0.0000000000
19154  -37.856  -62.522  -31.874  0.0000000000
19155  -38.732  -62.632  -31.611  0.0000000000
19156  -39.681  -62.781  -31.701  0.0000000000
19157  -40.513  -62.587  -31.637  0.0000000000
19158  -41.279  -62.513  -31.829  0.0000000000
19159  -41.786  -62.331  -31.828  0.0000000000
19160  -43.057  -63.092  -31.373  0.0000000000
19161  -43.681  -62.771  -31.731  0.0000000000
19162  -44.154  -62.509  -32.098  0.0000000000
19172  -37.522  -62.710  -32.455  0.0000000000
19173  -38.228  -63.028  -32.431  0.0000000000
19174  -39.107  -63.047  -32.199  0.0000000000
19175  -39.810  -63.111  -32.261  0.0000000000
19176  -40.410  -62.995  -32.205  0.0000000000
19177  -41.199  -62.877  -32.393  0.0000000000
19178  -42.071  -62.538  -32.436  0.0000000000
19179  -42.679  -62.398  -32.686  0.0000000000
19180  -43.828  -62.876  -32.489  0.0000000000
19181  -44.193  -62.557  -32.420  0.0000000000
19194  -36.763  -62.620  -33.440  0.0000000000
19195  -37.191  -62.834  -33.193  0.0000000000
19196  -37.703  -63.059  -32.933  0.0000000000
19197  -41.339  -63.124  -32.869  0.0000000000
19198  -41.923  -63.010  -33.139  0.0000000000
19199  -42.851  -62.642  -33.126  0.0000000000
19200  -43.583  -62.752  -33.131  0.0000000000
19201  -44.109  -62.531  -32.743  0.0000000000
19211  -33.693  -62.370  -33.844  0.0000000000
19212  -34.126  -62.744  -33.982  0.0000000000
19213  -34.480  -63.084  -34.124  0.0000000000
19214  -35.917  -62.594  -34.206  0.0000000000
19215  -36.400  -62.822  -33.978  0.0000000000
19216  -36.883  -62.989  -33.778  0.0000000000
19217  -42.079  -63.201  -33.599  0.0000000000
19218  -42.492  -63.145  -33.615  0.0000000000
19219  -43.080  -63.075  -33.582  0.0000000000
19229  -34.370  -62.526  -34.445  0.0000000000
19230  -34.755  -62.800  -34.419  0.0000000000
19231  -35.478  -62.806  -34.467  0.0000000000
19232  -35.967  -63.067  -34.422  0.0000000000
19344  -37.405  -62.417  -45.606  0.0000000000
19345  -37.658  -62.357  -45.412  0.0000000000
19360  -34.823  -62.610  -46.210  0.0000000000
19361  -35.605  -62.748  -46.194  0.0000000000
19362  0.000  0.000  0.000  0.0000000000
19363  -37.161  -62.481  -46.019  0.0000000000
19364  -37.736  -62.431  -45.776  0.0000000000
19381  0.000  0.000  0.000  0.0000000000
19382  0.000  0.000  0.000  0.0000000000
19383  0.000  0.000  0.000  0.0000000000
19384  0.000  0.000  0.000  0.0000000000
19385  0.000  0.000  0.000  0.0000000000
19386  0.000  0.000  0.000  0.0000000000
19402  0.000  0.000  0.000  0.0000000000
20341  0.000  0.000  0.000  0.0000000000
20351  0.000  0.000  0.000  0.0000000000
20359  0.000  0.000  0.000  0.0000000000
20360  0.000  0.000  0.000  0.0000000000
20368  0.000  0.000  0.000  0.0000000000
20369  0.000  0.000  0.000  0.0000000000
20375  0.000  0.000  0.000  0.0000000000
20383  0.000  0.000  0.000  0.0000000000
20390  -45.433  -62.267  -25.583  0.0000000000
20391  0.000  0.000  0.000  0.0000000000
20401  -44.667  -62.267  -26.383  0.0000000000
20402  -45.210  -62.036  -26.044  0.0000000000
20403  -45.721  -61.733  -25.612  0.0000000000
20414  -43.841  -62.074  -27.121  0.0000000000
20415  -44.425  -62.016  -26.754  0.0000000000
20416  -44.972  -61.775  -26.437  0.0000000000
20433  -43.129  -62.256  -28.040  0.0000000000
20434  -43.471  -62.053  -27.578  0.0000000000
20451  -43.117  -62.145  -28.529  0.0000000000
20452  -43.429  -61.824  -28.215  0.0000000000
20462  -43.022  -62.233  -29.166  0.0000000000
20463  -43.404  -61.785  -28.990  0.0000000000
20475  -42.926  -62.311  -29.831  0.0000000000
20476  -43.421  -61.839  -29.920  0.0000000000
20487  -37.332  -61.634  -31.201  0.0000000000
20488  -37.809  -61.726  -31.097  0.0000000000
20489  -38.687  -62.000  -30.975  0.0000000000
20490  -39.483  -61.995  -30.859  0.0000000000
20491  -40.271  -62.004  -30.996  0.0000000000
20492  -40.970  -61.804  -30.999  0.0000000000
20493  -41.565  -61.672  -31.098  0.0000000000
20494  -43.051  -62.273  -30.349  0.0000000000
20495  -43.566  -62.028  -30.753  0.0000000000
20496  -44.144  -61.811  -31.117  0.0000000000
20508  -36.542  -61.631  -31.907  0.0000000000
20509  -37.182  -61.926  -31.682  0.0000000000
20510  -38.148  -62.216  -31.384  0.0000000000
20511  -38.650  -62.330  -31.270  0.0000000000
20512  -40.867  -62.240  -31.360  0.0000000000
20513  -41.390  -62.124  -31.428  0.0000000000
20514  -41.991  -61.866  -31.501  0.0000000000
20515  -42.430  -61.761  -31.769  0.0000000000
20516  -43.837  -62.222  -31.281  0.0000000000
20517  -44.376  -61.979  -31.643  0.0000000000
20518  -44.796  -61.632  -31.973  0.0000000000
20532  -35.789  -61.573  -32.791  0.0000000000
20533  -36.341  -61.793  -32.450  0.0000000000
20534  -36.999  -62.326  -32.533  0.0000000000
20535  -42.200  -62.154  -31.991  0.0000000000
20536  -42.708  -61.974  -32.278  0.0000000000
20537  -43.230  -61.763  -32.556  0.0000000000
20538  -44.386  -62.013  -32.402  0.0000000000
20539  -44.737  -61.559  -32.264  0.0000000000
20551  -35.847  -61.862  -33.298  0.0000000000
20552  -36.474  -62.255  -33.205  0.0000000000
20553  -36.876  -62.431  -33.081  0.0000000000
20554  -43.018  -62.169  -32.787  0.0000000000
20555  -43.581  -61.959  -32.918  0.0000000000
20556  -44.041  -62.176  -32.919  0.0000000000
20565  -33.565  -61.980  -33.684  0.0000000000
20566  -34.177  -62.051  -34.068  0.0000000000
20567  -34.946  -61.914  -34.159  0.0000000000
20568  -35.570  -62.142  -34.062  0.0000000000
20569  -36.067  -62.283  -33.767  0.0000000000
20578  -34.228  -62.366  -34.374  0.0000000000
20579  -34.596  -62.267  -34.452  0.0000000000
20580  -35.117  -62.328  -34.428  0.0000000000
20613  -40.613  -61.650  -39.212  0.0000000000
20614  -40.869  -61.603  -39.052  0.0000000000
20626  -39.922  -61.717  -40.072  0.0000000000
20627  -40.421  -61.719  -39.739  0.0000000000
20628  -41.145  -61.674  -39.546  0.0000000000
20629  -41.611  -61.576  -39.674  0.0000000000
20641  -39.906  -61.806  -40.583  0.0000000000
20642  -40.386  -61.857  -40.505  0.0000000000
20643  -41.082  -61.693  -40.392  0.0000000000
20644  -41.589  -61.530  -40.040  0.0000000000
20654  -39.729  -61.717  -41.012  0.0000000000
20655  -40.186  -61.882  -41.182  0.0000000000
20656  -40.818  -61.721  -41.300  0.0000000000
20665  -39.815  -61.733  -41.687  0.0000000000
20666  -40.357  -61.848  -41.994  0.0000000000
20667  -40.825  -61.639  -42.220  0.0000000000
20674  -39.856  -61.704  -42.476  0.0000000000
20675  -40.394  -61.695  -42.828  0.0000000000
20676  -40.799  -61.599  -42.686  0.0000000000
20686  -39.846  -61.634  -43.117  0.0000000000
20687  -40.069  -61.583  -43.350  0.0000000000
20698  -37.599  -61.570  -44.623  0.0000000000
20699  -38.032  -61.712  -44.678  0.0000000000
20700  -38.497  -61.679  -44.911  0.0000000000
20710  -36.751  -61.664  -45.297  0.0000000000
20711  -37.305  -61.937  -45.180  0.0000000000
20712  -38.016  -62.078  -45.289  0.0000000000
20713  0.000  0.000  0.000  0.0000000000
20724  -34.304  -62.033  -45.888  0.0000000000
20725  -35.123  -62.062  -45.971  0.0000000000
20726  -35.824  -62.192  -45.988  0.0000000000
20727  -36.515  -61.955  -45.709  0.0000000000
20728  -37.092  -62.275  -45.653  0.0000000000
20729  0.000  0.000  0.000  0.0000000000
20730  0.000  0.000  0.000  0.0000000000
20746  0.000  0.000  0.000  0.0000000000
20747  0.000  0.000  0.000  0.0000000000
20748  0.000  0.000  0.000  0.0000000000
20762  0.000  0.000  0.000  0.0000000000
21731  0.000  0.000  0.000  0.0000000000
21742  0.000  0.000  0.000  0.0000000000
21743  0.000  0.000  0.000  0.0000000000
21752  0.000  0.000  0.000  0.0000000000
21753  0.000  0.000  0.000  0.0000000000
21762  0.000  0.000  0.000  0.0000000000
21768  0.000  0.000  0.000  0.0000000000
21774  0.000  0.000  0.000  0.0000000000
21780  0.000  0.000  0.000  0.0000000000
21781  -46.400  -60.822  -25.655  0.0000000000
21791  -45.339  -61.516  -26.319  0.0000000000
21792  -45.901  -61.151  -26.109  0.0000000000
21793  -46.408  -60.816  -25.956  0.0000000000
21806  -43.838  -61.664  -27.290  0.0000000000
21807  -44.355  -61.423  -27.179  0.0000000000
21808  -45.220  -61.150  -26.799  0.0000000000
21809  -45.750  -60.932  -26.568  0.0000000000
21825  -43.899  -61.436  -27.773  0.0000000000
21826  -44.492  -60.972  -27.718  0.0000000000
21827  -44.795  -61.027  -27.296  0.0000000000
21842  -43.801  -61.405  -28.591  0.0000000000
21843  -44.189  -61.078  -28.261  0.0000000000
21855  -43.829  -61.384  -29.435  0.0000000000
21856  -44.227  -61.035  -28.958  0.0000000000
21868  -38.502  -60.889  -30.335  0.0000000000
21869  -39.086  -60.933  -30.267  0.0000000000
21870  -39.861  -60.939  -30.261  0.0000000000
21871  -40.622  -60.893  -30.296  0.0000000000
21872  -41.085  -60.824  -30.334  0.0000000000
21873  -43.898  -61.406  -30.109  0.0000000000
21874  -44.408  -61.037  -29.882  0.0000000000
21875  -44.813  -60.817  -30.124  0.0000000000
21888  -36.783  -60.829  -31.068  0.0000000000
21889  -37.257  -61.132  -30.998  0.0000000000
21890  -38.105  -61.167  -30.681  0.0000000000
21891  -38.891  -61.423  -30.574  0.0000000000
21892  -39.651  -61.461  -30.567  0.0000000000
21893  -40.431  -61.396  -30.607  0.0000000000
21894  -41.266  -61.139  -30.649  0.0000000000
21895  -42.061  -61.177  -31.035  0.0000000000
21896  -42.500  -61.077  -31.219  0.0000000000
21897  -43.752  -61.597  -30.423  0.0000000000
21898  -44.191  -61.434  -30.641  0.0000000000
21899  -44.792  -60.985  -30.636  0.0000000000
21914  -35.894  -60.939  -31.861  0.0000000000
21915  -36.452  -61.113  -31.555  0.0000000000
21916  -37.058  -61.507  -31.302  0.0000000000
21917  -42.363  -61.423  -31.403  0.0000000000
21918  -42.781  -61.227  -31.635  0.0000000000
21919  -43.265  -60.987  -31.852  0.0000000000
21920  -44.550  -61.467  -31.150  0.0000000000
21921  -44.900  -61.162  -31.438  0.0000000000
21934  -35.074  -60.896  -32.613  0.0000000000
21935  -35.603  -61.101  -32.337  0.0000000000
21936  -36.222  -61.458  -32.053  0.0000000000
21937  -43.119  -61.422  -32.163  0.0000000000
21938  -43.625  -61.214  -32.384  0.0000000000
21939  -44.303  -61.285  -32.438  0.0000000000
21940  -44.813  -61.063  -32.034  0.0000000000
21951  -33.164  -61.062  -33.257  0.0000000000
21952  -33.814  -60.959  -33.376  0.0000000000
21953  -34.714  -60.951  -33.076  0.0000000000
21954  -35.355  -61.433  -33.168  0.0000000000
21955  -43.913  -61.454  -32.763  0.0000000000
21956  -44.110  -61.714  -32.813  0.0000000000
21967  -33.462  -61.477  -33.514  0.0000000000
21968  -34.039  -61.465  -33.663  0.0000000000
21969  -34.763  -61.517  -33.715  0.0000000000
21970  -35.339  -61.688  -33.722  0.0000000000
22000  -39.941  -60.892  -38.356  0.0000000000
22001  -40.678  -60.976  -38.276  0.0000000000
22002  -41.422  -60.922  -38.305  0.0000000000
22003  -41.885  -60.828  -38.330  0.0000000000
22015  -38.424  -60.822  -39.224  0.0000000000
22016  -39.088  -60.992  -39.041  0.0000000000
22017  -39.736  -61.140  -38.888  0.0000000000
22018  -40.446  -61.322  -38.804  0.0000000000
22019  -41.261  -61.329  -38.929  0.0000000000
22020  -42.060  -60.938  -38.837  0.0000000000
22021  -42.474  -60.764  -39.156  0.0000000000
22032  -38.309  -60.880  -39.900  0.0000000000
22033  -38.886  -61.132  -39.698  0.0000000000
22034  -39.618  -61.395  -39.530  0.0000000000
22035  -40.152  -61.481  -39.202  0.0000000000
22036  -41.520  -61.520  -39.440  0.0000000000
22037  -41.923  -61.178  -39.571  0.0000000000
22038  -42.354  -60.924  -39.296  0.0000000000
22046  -38.330  -60.828  -40.325  0.0000000000
22047  -38.769  -61.030  -40.550  0.0000000000
22048  -39.430  -61.486  -40.336  0.0000000000
22049  -41.563  -61.357  -40.552  0.0000000000
22050  -41.888  -61.066  -40.260  0.0000000000
22056  -38.963  -61.011  -41.507  0.0000000000
22057  -39.362  -61.408  -41.179  0.0000000000
22058  -41.374  -61.202  -41.107  0.0000000000
22059  -41.749  -60.931  -40.774  0.0000000000
22070  -38.934  -61.017  -42.277  0.0000000000
22071  -39.394  -61.392  -42.014  0.0000000000
22072  -41.179  -61.199  -41.804  0.0000000000
22083  -38.275  -60.861  -43.018  0.0000000000
22084  -38.609  -60.967  -42.910  0.0000000000
22085  -39.299  -61.363  -42.887  0.0000000000
22086  -40.684  -61.500  -42.944  0.0000000000
22087  -40.970  -61.150  -42.663  0.0000000000
22097  -38.239  -60.925  -43.344  0.0000000000
22098  -38.761  -61.224  -43.558  0.0000000000
22099  -39.556  -61.389  -43.644  0.0000000000
22100  -40.359  -61.202  -43.498  0.0000000000
22101  -40.887  -60.741  -43.250  0.0000000000
22112  -36.721  -60.862  -44.617  0.0000000000
22113  -37.174  -61.219  -44.621  0.0000000000
22114  -37.991  -61.191  -44.110  0.0000000000
22115  -38.789  -61.366  -44.345  0.0000000000
22116  -39.580  -60.976  -44.407  0.0000000000
22117  -40.174  -60.711  -44.098  0.0000000000
22128  -34.773  -61.042  -45.353  0.0000000000
22129  -35.524  -61.052  -45.362  0.0000000000
22130  -36.383  -61.213  -45.185  0.0000000000
22131  -36.895  -61.520  -45.079  0.0000000000
22132  0.000  0.000  0.000  0.0000000000
22133  0.000  0.000  0.000  0.0000000000
22143  -34.300  -61.467  -45.600  0.0000000000
22144  -34.914  -61.477  -45.704  0.0000000000
22145  -35.743  -61.569  -45.720  0.0000000000
22146  -36.195  -61.505  -45.640  0.0000000000
22147  0.000  0.000  0.000  0.0000000000
22148  0.000  0.000  0.000  0.0000000000
22149  0.000  0.000  0.000  0.0000000000
22155  0.000  0.000  0.000  0.0000000000
22156  0.000  0.000  0.000  0.0000000000
22157  0.000  0.000  0.000  0.0000000000
23096  0.000  0.000  0.000  0.0000000000
23106  0.000  0.000  0.000  0.0000000000
23107  0.000  0.000  0.000  0.0000000000
23116  0.000  0.000  0.000  0.0000000000
23129  0.000  0.000  0.000  0.0000000000
23142  0.000  0.000  0.000  0.0000000000
23143  0.000  0.000  0.000  0.0000000000
23154  0.000  0.000  0.000  0.0000000000
23155  0.000  0.000  0.000  0.0000000000
23161  0.000  0.000  0.000  0.0000000000
23162  0.000  0.000  0.000  0.0000000000
23169  -46.331  -60.631  -26.243  0.0000000000
23170  -46.539  -60.380  -25.969  0.0000000000
23183  -45.503  -60.591  -27.204  0.0000000000
23184  -45.985  -60.409  -26.798  0.0000000000
23185  -46.423  -60.341  -26.416  0.0000000000
23202  -44.681  -60.717  -27.850  0.0000000000
23203  -45.033  -60.668  -27.643  0.0000000000
23204  -45.618  -60.166  -27.755  0.0000000000
23218  -44.607  -60.719  -28.291  0.0000000000
23219  -45.189  -60.243  -28.514  0.0000000000
23220  -45.584  -60.004  -28.296  0.0000000000
23235  -44.682  -60.626  -29.148  0.0000000000
23236  -45.038  -60.215  -29.454  0.0000000000
23250  -38.166  -60.408  -30.370  0.0000000000
23251  -38.658  -60.375  -30.181  0.0000000000
23252  -39.339  -60.335  -30.103  0.0000000000
23253  -40.143  -60.335  -30.080  0.0000000000
23254  -40.938  -60.331  -30.164  0.0000000000
23255  -41.511  -60.133  -30.261  0.0000000000
23256  -44.794  -60.647  -29.758  0.0000000000
23257  -45.005  -60.476  -30.148  0.0000000000
23271  -36.587  -60.507  -31.120  0.0000000000
23272  -37.000  -60.406  -30.903  0.0000000000
23273  -37.619  -60.400  -30.677  0.0000000000
23274  -41.383  -60.613  -30.385  0.0000000000
23275  -41.922  -60.443  -30.583  0.0000000000
23276  -42.750  -60.482  -31.069  0.0000000000
23277  -43.333  -59.910  -31.140  0.0000000000
23278  -45.098  -60.421  -30.821  0.0000000000
23290  -35.311  -60.145  -31.926  0.0000000000
23291  -35.788  -60.435  -31.744  0.0000000000
23292  -36.296  -60.308  -31.352  0.0000000000
23293  -43.103  -60.747  -31.524  0.0000000000
23294  -43.711  -60.405  -31.700  0.0000000000
23295  -44.579  -60.194  -31.761  0.0000000000
23296  -44.998  -60.396  -31.527  0.0000000000
23307  -35.019  -60.416  -32.396  0.0000000000
23308  -35.367  -60.561  -32.092  0.0000000000
23309  -43.981  -60.830  -32.212  0.0000000000
23310  -44.402  -60.683  -32.096  0.0000000000
23311  -44.802  -60.572  -31.956  0.0000000000
23323  -32.835  -60.429  -33.031  0.0000000000
23324  -33.467  -60.351  -33.179  0.0000000000
23325  -34.159  -60.352  -33.116  0.0000000000
23326  -34.615  -60.264  -32.831  0.0000000000
23346  -39.833  -60.067  -36.825  0.0000000000
23347  -40.085  -59.990  -36.654  0.0000000000
23357  -39.049  -60.104  -37.510  0.0000000000
23358  -39.719  -60.244  -37.344  0.0000000000
23359  -40.468  -60.149  -37.123  0.0000000000
23360  -41.399  -60.166  -37.377  0.0000000000
23361  -42.187  -60.060  -37.528  0.0000000000
23362  -42.639  -59.976  -37.624  0.0000000000
23377  -37.522  -59.980  -38.190  0.0000000000
23378  -37.948  -60.147  -38.206  0.0000000000
23379  -38.641  -60.298  -38.131  0.0000000000
23380  -39.399  -60.505  -38.024  0.0000000000
23381  -40.187  -60.576  -37.793  0.0000000000
23382  -40.987  -60.590  -37.778  0.0000000000
23383  -41.808  -60.536  -37.947  0.0000000000
23384  -42.512  -60.222  -38.074  0.0000000000
23397  -36.030  -59.970  -38.946  0.0000000000
23398  -36.433  -60.113  -38.983  0.0000000000
23399  -37.191  -60.163  -38.761  0.0000000000
23400  -38.000  -60.462  -38.846  0.0000000000
23401  -38.799  -60.649  -38.599  0.0000000000
23402  -39.370  -60.807  -38.565  0.0000000000
23403  -42.183  -60.628  -38.403  0.0000000000
23404  -42.583  -60.385  -38.885  0.0000000000
23411  -35.912  -60.055  -39.370  0.0000000000
23412  -36.471  -60.239  -39.498  0.0000000000
23413  -37.167  -60.360  -39.540  0.0000000000
23414  -37.806  -60.594  -39.667  0.0000000000
23415  -42.157  -60.777  -39.995  0.0000000000
23416  -42.470  -60.440  -39.723  0.0000000000
23422  -32.445  -60.204  -40.641  0.0000000000
23423  -33.200  -60.139  -40.661  0.0000000000
23424  -33.962  -60.104  -40.717  0.0000000000
23425  -34.436  -60.031  -40.861  0.0000000000
23426  -35.911  -60.084  -39.912  0.0000000000
23427  -36.438  -60.133  -40.114  0.0000000000
23428  -37.159  -60.229  -40.287  0.0000000000
23429  -37.911  -60.535  -40.367  0.0000000000
23430  -38.332  -60.666  -40.683  0.0000000000
23431  -42.133  -60.433  -40.487  0.0000000000
23432  -42.432  -60.096  -40.292  0.0000000000
23440  -32.504  -60.434  -41.227  0.0000000000
23441  -33.214  -60.324  -41.278  0.0000000000
23442  -33.935  -60.121  -41.341  0.0000000000
23443  -34.427  -60.027  -41.120  0.0000000000
23444  -37.450  -60.133  -40.783  0.0000000000
23445  -37.934  -60.249  -41.121  0.0000000000
23446  -38.510  -60.602  -41.255  0.0000000000
23447  -41.412  -60.824  -41.538  0.0000000000
23448  -41.710  -60.504  -41.257  0.0000000000
23459  -33.227  -60.292  -42.020  0.0000000000
23460  -33.669  -60.076  -41.861  0.0000000000
23461  -38.090  -60.190  -41.875  0.0000000000
23462  -38.588  -60.642  -42.005  0.0000000000
23463  -41.395  -60.558  -42.022  0.0000000000
23464  -41.740  -60.034  -41.729  0.0000000000
23475  -33.151  -60.167  -42.684  0.0000000000
23476  -37.441  -60.184  -43.200  0.0000000000
23477  -38.062  -60.484  -42.759  0.0000000000
23478  -38.583  -60.759  -42.482  0.0000000000
23479  -41.224  -60.387  -42.774  0.0000000000
23490  -36.614  -60.171  -43.977  0.0000000000
23491  -37.126  -60.257  -43.688  0.0000000000
23492  -37.763  -60.610  -43.563  0.0000000000
23493  -40.638  -60.389  -43.682  0.0000000000
23494  -41.045  -60.194  -43.256  0.0000000000
23510  -33.970  -60.250  -44.563  0.0000000000
23511  -34.735  -60.204  -44.596  0.0000000000
23512  -35.498  -60.242  -44.571  0.0000000000
23513  -36.267  -60.419  -44.462  0.0000000000
23514  -36.953  -60.587  -44.246  0.0000000000
23515  -37.457  -60.754  -44.067  0.0000000000
23516  0.000  0.000  0.000  0.0000000000
23517  -40.307  -60.194  -44.097  0.0000000000
23534  -34.473  -60.629  -44.986  0.0000000000
23535  -35.249  -60.601  -44.999  0.0000000000
23536  -35.880  -60.673  -44.942  0.0000000000
23537  0.000  0.000  0.000  0.0000000000
23538  0.000  0.000  0.000  0.0000000000
23551  0.000  0.000  0.000  0.0000000000
23552  0.000  0.000  0.000  0.0000000000
23553  0.000  0.000  0.000  0.0000000000
23562  0.000  0.000  0.000  0.0000000000
23563  0.000  0.000  0.000  0.0000000000
24593  0.000  0.000  0.000  0.0000000000
24610  0.000  0.000  0.000  0.0000000000
24611  0.000  0.000  0.000  0.0000000000
24628  0.000  0.000  0.000  0.0000000000
24629  0.000  0.000  0.000  0.0000000000
24645  0.000  0.000  0.000  0.0000000000
24646  0.000  0.000  0.000  0.0000000000
24661  0.000  0.000  0.000  0.0000000000
24662  0.000  0.000  0.000  0.0000000000
24677  0.000  0.000  0.000  0.0000000000
24689  0.000  0.000  0.000  0.0000000000
24698  -46.191  -59.218  -26.195  0.0000000000
24699  -46.517  -59.620  -25.848  0.0000000000
24712  -46.137  -59.541  -26.748  0.0000000000
24713  -46.423  -60.023  -26.421  0.0000000000
24730  -45.885  -59.618  -27.613  0.0000000000
24746  -45.520  -59.884  -28.578  0.0000000000
24747  -45.710  -59.603  -28.447  0.0000000000
24760  -45.382  -59.566  -29.157  0.0000000000
24761  -45.637  -59.280  -28.944  0.0000000000
24774  -38.361  -59.984  -30.261  0.0000000000
24775  -38.785  -59.636  -30.284  0.0000000000
24776  -39.580  -59.678  -30.094  0.0000000000
24777  -40.339  -59.633  -30.085  0.0000000000
24778  -41.100  -59.562  -30.119  0.0000000000
24779  -41.825  -59.567  -30.233  0.0000000000
24780  -42.375  -59.319  -30.308  0.0000000000
24781  -45.149  -59.725  -30.171  0.0000000000
24794  -36.634  -59.918  -31.067  0.0000000000
24795  -37.189  -59.722  -30.849  0.0000000000
24796  -37.975  -59.651  -30.610  0.0000000000
24797  -38.416  -59.262  -30.654  0.0000000000
24798  -42.383  -59.865  -30.544  0.0000000000
24799  -42.911  -59.436  -30.695  0.0000000000
24800  -43.479  -59.407  -31.038  0.0000000000
24801  -45.105  -59.786  -30.947  0.0000000000
24814  -35.168  -59.600  -31.982  0.0000000000
24815  -35.693  -59.562  -31.699  0.0000000000
24816  -36.226  -59.683  -31.407  0.0000000000
24817  -43.853  -59.595  -31.336  0.0000000000
24818  -44.397  -59.646  -31.522  0.0000000000
24819  -44.877  -59.644  -31.379  0.0000000000
24832  -32.944  -59.280  -32.763  0.0000000000
24833  -34.400  -59.317  -32.667  0.0000000000
24834  -34.755  -59.628  -32.433  0.0000000000
24842  -32.638  -59.984  -32.862  0.0000000000
24843  -33.134  -59.615  -32.943  0.0000000000
24844  -33.925  -59.604  -32.974  0.0000000000
24845  -34.383  -59.844  -32.856  0.0000000000
24853  -39.058  -59.239  -35.262  0.0000000000
24854  -39.269  -59.203  -35.052  0.0000000000
24858  -39.029  -59.346  -35.816  0.0000000000
24859  -39.655  -59.384  -35.605  0.0000000000
24860  -40.400  -59.313  -35.810  0.0000000000
24861  -40.770  -59.135  -35.812  0.0000000000
24867  -30.322  -59.200  -36.622  0.0000000000
24868  -38.254  -59.346  -36.810  0.0000000000
24869  -38.771  -59.454  -36.459  0.0000000000
24870  -39.579  -59.741  -36.356  0.0000000000
24871  -40.370  -59.740  -36.455  0.0000000000
24872  -41.100  -59.342  -36.339  0.0000000000
24873  -41.739  -59.140  -36.609  0.0000000000
24890  -37.548  -59.395  -37.463  0.0000000000
24891  -38.079  -59.540  -37.279  0.0000000000
24892  -38.675  -59.697  -37.108  0.0000000000
24893  -39.295  -59.905  -36.914  0.0000000000
24894  -40.613  -59.892  -36.895  0.0000000000
24895  -40.999  -59.823  -36.906  0.0000000000
24896  -41.895  -59.546  -36.994  0.0000000000
24897  -42.745  -59.527  -37.359  0.0000000000
24898  -43.294  -59.327  -37.662  0.0000000000
24911  -35.948  -59.210  -38.194  0.0000000000
24912  -36.374  -59.400  -38.197  0.0000000000
24913  -37.079  -59.628  -38.076  0.0000000000
24914  -37.798  -59.777  -37.811  0.0000000000
24915  -38.408  -59.927  -37.673  0.0000000000
24916  -42.957  -59.749  -37.870  0.0000000000
24917  -43.391  -59.366  -38.240  0.0000000000
24924  -34.384  -59.180  -38.974  0.0000000000
24925  -34.800  -59.346  -39.016  0.0000000000
24926  -35.622  -59.550  -38.843  0.0000000000
24927  -36.389  -59.796  -38.616  0.0000000000
24928  -36.800  -59.948  -38.606  0.0000000000
24929  -42.983  -59.800  -38.587  0.0000000000
24930  -43.318  -59.293  -39.026  0.0000000000
24939  -32.438  -59.442  -39.739  0.0000000000
24940  -33.154  -59.424  -39.760  0.0000000000
24941  -34.000  -59.402  -39.501  0.0000000000
24942  -34.767  -59.636  -39.606  0.0000000000
24943  -35.410  -59.848  -39.771  0.0000000000
24944  -42.949  -59.609  -39.521  0.0000000000
24945  -43.234  -59.234  -39.486  0.0000000000
24955  -32.451  -59.834  -40.160  0.0000000000
24956  -33.200  -59.803  -40.159  0.0000000000
24957  -34.000  -59.832  -40.144  0.0000000000
24958  -34.738  -59.867  -40.367  0.0000000000
24959  -35.605  -59.867  -40.467  0.0000000000
24960  -36.362  -59.867  -40.686  0.0000000000
24961  -36.933  -59.905  -40.838  0.0000000000
24962  -42.356  -59.956  -40.578  0.0000000000
24963  -42.580  -59.593  -40.470  0.0000000000
24973  -34.320  -59.956  -41.342  0.0000000000
24974  -34.770  -59.832  -41.136  0.0000000000
24975  -35.614  -59.687  -41.249  0.0000000000
24976  -36.409  -59.699  -41.318  0.0000000000
24977  -37.224  -59.833  -41.350  0.0000000000
24978  -37.734  -59.888  -41.650  0.0000000000
24979  -42.151  -59.796  -41.119  0.0000000000
24980  -42.434  -59.332  -41.079  0.0000000000
24989  -33.486  -60.015  -42.264  0.0000000000
24990  -34.088  -59.864  -41.942  0.0000000000
24991  -34.880  -59.651  -41.989  0.0000000000
24992  -35.786  -59.600  -42.129  0.0000000000
24993  -36.708  -59.657  -42.014  0.0000000000
24994  -37.395  -59.756  -42.000  0.0000000000
24995  -37.787  -59.839  -41.980  0.0000000000
24996  -41.556  -59.895  -42.295  0.0000000000
24997  -41.931  -59.506  -41.861  0.0000000000
25009  -33.583  -59.864  -42.918  0.0000000000
25010  -34.337  -59.654  -42.802  0.0000000000
25011  -35.127  -59.600  -42.833  0.0000000000
25012  -35.810  -59.633  -42.956  0.0000000000
25013  -36.428  -59.695  -42.748  0.0000000000
25014  -37.233  -59.867  -42.637  0.0000000000
25015  -37.746  -59.933  -42.300  0.0000000000
25016  -41.381  -59.597  -42.864  0.0000000000
25017  -41.746  -59.349  -42.381  0.0000000000
25032  -33.507  -59.936  -43.777  0.0000000000
25033  -34.108  -59.727  -43.582  0.0000000000
25034  -34.865  -59.665  -43.535  0.0000000000
25035  -35.614  -59.699  -43.515  0.0000000000
25036  -36.383  -59.833  -43.467  0.0000000000
25037  -36.933  -59.900  -43.183  0.0000000000
25038  -40.614  -59.614  -43.800  0.0000000000
25039  -41.014  -59.600  -43.400  0.0000000000
25053  -33.615  -60.030  -44.239  0.0000000000
25054  -34.078  -59.907  -44.181  0.0000000000
25055  -34.800  -59.861  -44.139  0.0000000000
25056  -35.549  -59.899  -44.094  0.0000000000
25057  -36.119  -59.938  -43.960  0.0000000000
25058  0.000  0.000  0.000  0.0000000000
25059  0.000  0.000  0.000  0.0000000000
25060  0.000  0.000  0.000  0.0000000000
25071  0.000  0.000  0.000  0.0000000000
25072  0.000  0.000  0.000  0.0000000000
25073  0.000  0.000  0.000  0.0000000000
25080  0.000  0.000  0.000  0.0000000000
25081  0.000  0.000  0.000  0.0000000000
25082  0.000  0.000  0.000  0.0000000000
25089  0.000  0.000  0.000  0.0000000000
26120  0.000  0.000  0.000  0.0000000000
26138  0.000  0.000  0.000  0.0000000000
26139  0.000  0.000  0.000  0.0000000000
26155  0.000  0.000  0.000  0.0000000000
26156  0.000  0.000  0.000  0.0000000000
26172  0.000  0.000  0.000  0.0000000000
26173  0.000  0.000  0.000  0.0000000000
26189  0.000  0.000  0.000  0.0000000000
26190  0.000  0.000  0.000  0.0000000000
26209  -45.598  -58.519  -25.448  0.0000000000
26210  0.000  0.000  0.000  0.0000000000
26211  0.000  0.000  0.000  0.0000000000
26227  -44.838  -58.495  -26.267  0.0000000000
26228  -45.307  -58.610  -25.990  0.0000000000
26229  -45.903  -58.849  -25.875  0.0000000000
26230  -46.308  -59.068  -25.699  0.0000000000
26241  -44.658  -58.524  -26.819  0.0000000000
26242  -45.196  -58.762  -26.791  0.0000000000
26243  -45.761  -59.006  -26.546  0.0000000000
26263  -44.537  -58.470  -27.387  0.0000000000
26264  -45.011  -58.680  -27.518  0.0000000000
26265  -45.614  -59.045  -27.459  0.0000000000
26282  -44.714  -58.434  -28.012  0.0000000000
26283  -45.217  -58.651  -28.352  0.0000000000
26284  -45.700  -59.107  -28.353  0.0000000000
26302  -45.390  -58.851  -29.126  0.0000000000
26303  -45.716  -59.166  -28.802  0.0000000000
26321  -39.184  -59.230  -30.291  0.0000000000
26322  -39.646  -59.074  -30.290  0.0000000000
26323  -40.400  -58.800  -30.267  0.0000000000
26324  -41.231  -58.860  -30.118  0.0000000000
26325  -41.896  -58.776  -30.128  0.0000000000
26326  -42.512  -58.730  -30.264  0.0000000000
26327  -45.174  -58.904  -29.967  0.0000000000
26341  -36.723  -59.343  -31.161  0.0000000000
26342  -37.281  -59.151  -31.104  0.0000000000
26343  -38.020  -59.048  -31.033  0.0000000000
26344  -38.859  -58.846  -30.851  0.0000000000
26345  -39.600  -58.586  -30.638  0.0000000000
26346  -40.016  -58.390  -30.602  0.0000000000
26347  -42.964  -58.674  -30.503  0.0000000000
26348  -43.481  -58.822  -30.807  0.0000000000
26349  -44.179  -58.686  -30.932  0.0000000000
26350  -44.865  -58.998  -30.818  0.0000000000
26363  -35.079  -59.070  -32.064  0.0000000000
26364  -35.596  -58.774  -31.865  0.0000000000
26365  -36.488  -58.823  -31.701  0.0000000000
26366  -37.504  -58.807  -31.656  0.0000000000
26367  -38.237  -58.750  -31.645  0.0000000000
26368  -38.710  -58.555  -31.679  0.0000000000
26369  -43.856  -59.089  -31.156  0.0000000000
26370  -44.358  -59.124  -31.270  0.0000000000
26371  -44.722  -59.246  -31.333  0.0000000000
26380  -32.802  -59.120  -32.692  0.0000000000
26381  -34.222  -58.706  -32.745  0.0000000000
26382  -34.824  -58.777  -32.372  0.0000000000
26383  -35.253  -58.660  -32.064  0.0000000000
26384  -36.735  -58.416  -32.205  0.0000000000
26385  -37.199  -58.538  -32.210  0.0000000000
26386  -37.977  -58.572  -32.504  0.0000000000
26387  -38.538  -58.591  -32.250  0.0000000000
26392  -32.718  -58.416  -32.968  0.0000000000
26393  -33.108  -58.788  -32.908  0.0000000000
26394  -33.677  -58.952  -32.947  0.0000000000
26395  -38.229  -58.521  -33.494  0.0000000000
26396  -38.827  -58.550  -33.089  0.0000000000
26397  -39.276  -58.398  -33.343  0.0000000000
26402  -38.261  -58.567  -34.312  0.0000000000
26403  -38.865  -58.738  -34.038  0.0000000000
26404  -39.530  -58.506  -33.921  0.0000000000
26405  -40.016  -58.335  -34.174  0.0000000000
26410  -38.206  -58.617  -35.016  0.0000000000
26411  -38.822  -58.945  -34.797  0.0000000000
26412  -39.575  -58.955  -34.813  0.0000000000
26413  -40.115  -58.493  -34.598  0.0000000000
26419  -37.500  -58.533  -36.000  0.0000000000
26420  -38.005  -58.665  -35.647  0.0000000000
26421  -38.604  -58.996  -35.404  0.0000000000
26422  -39.984  -59.138  -35.400  0.0000000000
26423  -40.414  -58.805  -35.341  0.0000000000
26424  -40.982  -58.775  -35.788  0.0000000000
26438  -30.543  -58.774  -36.622  0.0000000000
26439  -36.635  -58.508  -36.831  0.0000000000
26440  -37.181  -58.644  -36.518  0.0000000000
26441  -37.990  -58.960  -36.332  0.0000000000
26442  -38.489  -59.078  -35.950  0.0000000000
26443  -41.447  -58.749  -36.213  0.0000000000
26444  -42.004  -58.677  -36.534  0.0000000000
26445  -42.434  -58.396  -36.596  0.0000000000
26460  -30.982  -58.681  -37.201  0.0000000000
26461  -31.304  -58.428  -37.360  0.0000000000
26462  -35.925  -58.656  -37.540  0.0000000000
26463  -36.275  -58.608  -37.216  0.0000000000
26464  -36.970  -58.987  -37.304  0.0000000000
26465  -37.694  -59.125  -36.932  0.0000000000
26466  -42.085  -59.084  -36.820  0.0000000000
26467  -42.608  -58.824  -36.922  0.0000000000
26468  -43.338  -58.814  -37.301  0.0000000000
26469  -43.867  -58.494  -37.511  0.0000000000
26476  -30.980  -59.086  -37.751  0.0000000000
26477  -31.524  -58.586  -37.893  0.0000000000
26478  -32.087  -58.532  -38.400  0.0000000000
26479  -34.318  -58.456  -38.192  0.0000000000
26480  -34.744  -58.596  -38.192  0.0000000000
26481  -35.494  -58.857  -38.063  0.0000000000
26482  -36.281  -58.970  -37.752  0.0000000000
26483  -36.744  -59.214  -37.827  0.0000000000
26484  -43.702  -58.910  -37.883  0.0000000000
26485  -44.093  -58.401  -38.055  0.0000000000
26492  -31.153  -59.149  -38.264  0.0000000000
26493  -31.615  -58.970  -38.677  0.0000000000
26494  -32.391  -58.669  -38.831  0.0000000000
26495  -33.110  -58.646  -38.939  0.0000000000
26496  -33.984  -58.797  -38.782  0.0000000000
26497  -34.789  -58.996  -38.616  0.0000000000
26498  -35.200  -59.184  -38.624  0.0000000000
26499  -43.713  -58.706  -38.733  0.0000000000
26500  -44.057  -58.356  -38.565  0.0000000000
26511  -31.867  -59.105  -39.162  0.0000000000
26512  -32.438  -59.038  -39.329  0.0000000000
26513  -33.154  -59.042  -39.381  0.0000000000
26514  -33.616  -59.148  -39.390  0.0000000000
26515  -43.156  -59.120  -39.742  0.0000000000
26516  -43.343  -58.775  -39.641  0.0000000000
26528  -42.988  -58.800  -40.276  0.0000000000
26529  -43.237  -58.480  -40.108  0.0000000000
26540  -42.268  -59.224  -41.480  0.0000000000
26541  -42.559  -58.762  -41.244  0.0000000000
26552  -42.099  -58.790  -42.083  0.0000000000
26553  -42.422  -58.396  -41.829  0.0000000000
26565  -41.340  -58.766  -43.093  0.0000000000
26566  -41.701  -58.908  -42.673  0.0000000000
26578  0.000  0.000  0.000  0.0000000000
26579  -40.947  -58.952  -43.493  0.0000000000
26590  0.000  0.000  0.000  0.0000000000
26591  0.000  0.000  0.000  0.0000000000
26592  0.000  0.000  0.000  0.0000000000
26601  0.000  0.000  0.000  0.0000000000
26602  0.000  0.000  0.000  0.0000000000
26609  0.000  0.000  0.000  0.0000000000
27718  0.000  0.000  0.000  0.0000000000
27719  0.000  0.000  0.000  0.0000000000
27735  0.000  0.000  0.000  0.0000000000
27753  0.000  0.000  0.000  0.0000000000
27754  0.000  0.000  0.000  0.0000000000
27755  0.000  0.000  0.000  0.0000000000
27772  -44.713  -57.687  -24.902  0.0000000000
27773  0.000  0.000  0.000  0.0000000000
27774  0.000  0.000  0.000  0.0000000000
27775  0.000  0.000  0.000  0.0000000000
27791  -44.012  -57.670  -25.530  0.0000000000
27792  -44.502  -57.888  -25.350  0.0000000000
27793  -45.098  -58.157  -25.260  0.0000000000
27794  0.000  0.000  0.000  0.0000000000
27805  -43.256  -57.671  -26.297  0.0000000000
27806  -43.709  -57.802  -26.080  0.0000000000
27807  -44.364  -58.152  -26.048  0.0000000000
27808  -44.802  -58.281  -25.752  0.0000000000
27820  -43.085  -57.662  -26.835  0.0000000000
27821  -43.626  -57.941  -26.838  0.0000000000
27822  -44.158  -58.223  -26.781  0.0000000000
27836  -43.014  -57.620  -27.282  0.0000000000
27837  -43.549  -57.810  -27.611  0.0000000000
27838  -44.161  -58.196  -27.532  0.0000000000
27849  -43.787  -57.732  -28.386  0.0000000000
27850  -44.329  -58.087  -28.352  0.0000000000
27851  -44.845  -58.335  -28.503  0.0000000000
27867  -43.770  -57.612  -28.796  0.0000000000
27868  -44.167  -57.776  -29.065  0.0000000000
27869  -44.805  -58.226  -29.085  0.0000000000
27883  -40.784  -58.404  -30.232  0.0000000000
27884  -41.240  -58.102  -30.212  0.0000000000
27885  -42.007  -58.031  -30.112  0.0000000000
27886  -42.711  -58.031  -30.173  0.0000000000
27887  -43.403  -57.841  -30.142  0.0000000000
27888  -44.214  -57.853  -29.846  0.0000000000
27889  -44.932  -58.334  -29.896  0.0000000000
27900  -39.230  -58.404  -30.941  0.0000000000
27901  -39.633  -58.084  -30.968  0.0000000000
27902  -40.425  -57.978  -30.578  0.0000000000
27903  -40.945  -57.550  -30.496  0.0000000000
27904  -43.239  -58.289  -30.494  0.0000000000
27905  -43.846  -58.232  -30.536  0.0000000000
27906  -44.560  -58.317  -30.493  0.0000000000
27907  -44.960  -58.491  -30.386  0.0000000000
27916  -35.730  -58.314  -31.901  0.0000000000
27917  -35.951  -58.343  -31.931  0.0000000000
27918  -39.084  -58.293  -31.395  0.0000000000
27919  -39.410  -57.786  -31.667  0.0000000000
27928  -34.236  -58.245  -32.732  0.0000000000
27929  -34.649  -58.045  -32.699  0.0000000000
27930  -35.496  -58.159  -32.226  0.0000000000
27931  -36.303  -58.060  -32.336  0.0000000000
27932  -36.953  -58.154  -32.560  0.0000000000
27933  -37.457  -58.286  -32.709  0.0000000000
27934  -39.000  -58.261  -32.227  0.0000000000
27935  -39.442  -57.688  -32.537  0.0000000000
27944  -33.024  -58.031  -33.142  0.0000000000
27945  -33.898  -58.125  -33.002  0.0000000000
27946  -34.430  -57.718  -33.059  0.0000000000
27947  -36.646  -57.777  -32.793  0.0000000000
27948  -37.146  -57.866  -33.111  0.0000000000
27949  -37.714  -58.213  -33.237  0.0000000000
27950  -39.197  -58.228  -32.934  0.0000000000
27951  -39.569  -57.974  -33.359  0.0000000000
27958  -37.340  -57.828  -33.758  0.0000000000
27959  -37.771  -58.203  -34.020  0.0000000000
27960  -39.896  -57.989  -33.897  0.0000000000
27961  -40.252  -57.936  -34.328  0.0000000000
27977  -36.625  -57.567  -35.033  0.0000000000
27978  -37.190  -57.838  -34.676  0.0000000000
27979  -37.777  -58.277  -34.793  0.0000000000
27980  -40.659  -57.975  -34.981  0.0000000000
27981  -41.030  -57.616  -35.188  0.0000000000
27996  -30.668  -57.709  -35.931  0.0000000000
27997  -36.704  -57.849  -35.626  0.0000000000
27998  -37.414  -58.221  -35.461  0.0000000000
27999  -37.848  -58.384  -35.262  0.0000000000
28000  -40.806  -58.384  -35.450  0.0000000000
28001  -41.333  -58.000  -35.686  0.0000000000
28002  -41.854  -57.669  -35.903  0.0000000000
28013  -30.385  -58.384  -36.247  0.0000000000
28014  -30.945  -58.041  -36.506  0.0000000000
28015  -31.491  -57.741  -36.726  0.0000000000
28016  -35.202  -57.678  -36.760  0.0000000000
28017  -35.848  -57.870  -36.582  0.0000000000
28018  -36.512  -58.117  -36.370  0.0000000000
28019  -37.033  -58.250  -36.017  0.0000000000
28020  -41.662  -58.364  -36.181  0.0000000000
28021  -42.127  -57.983  -36.231  0.0000000000
28022  -42.937  -57.976  -36.649  0.0000000000
28023  -43.472  -57.705  -36.749  0.0000000000
28029  -31.175  -58.316  -37.071  0.0000000000
28030  -31.629  -58.081  -37.288  0.0000000000
28031  -32.469  -57.825  -37.424  0.0000000000
28032  -33.251  -57.767  -37.461  0.0000000000
28033  -34.018  -57.804  -37.410  0.0000000000
28034  -34.773  -57.867  -37.253  0.0000000000
28035  -35.603  -58.227  -37.245  0.0000000000
28036  -36.169  -58.252  -36.838  0.0000000000
28037  -43.144  -58.404  -36.988  0.0000000000
28038  -43.582  -58.122  -37.060  0.0000000000
28039  -44.102  -57.963  -37.417  0.0000000000
28046  -31.808  -58.254  -37.750  0.0000000000
28047  -32.277  -58.208  -37.987  0.0000000000
28048  -33.083  -58.059  -37.995  0.0000000000
28049  -33.849  -58.190  -38.015  0.0000000000
28050  -34.513  -58.188  -37.803  0.0000000000
28051  -35.082  -58.322  -37.719  0.0000000000
28052  -44.343  -57.811  -37.842  0.0000000000
28064  -32.475  -58.372  -38.470  0.0000000000
28065  -32.892  -58.309  -38.502  0.0000000000
28066  -33.479  -58.344  -38.489  0.0000000000
28067  -43.862  -57.940  -38.843  0.0000000000
28068  -44.230  -57.892  -38.368  0.0000000000
28078  -43.158  -57.720  -39.707  0.0000000000
28079  -43.433  -58.036  -39.488  0.0000000000
28092  -43.064  -58.012  -40.122  0.0000000000
28093  -43.326  -58.320  -39.948  0.0000000000
28104  -42.744  -58.051  -40.871  0.0000000000
28116  -42.162  -57.968  -42.203  0.0000000000
28117  -42.473  -57.896  -41.614  0.0000000000
28131  -41.420  -58.265  -43.085  0.0000000000
28132  -41.712  -58.125  -42.865  0.0000000000
28143  0.000  0.000  0.000  0.0000000000
28144  0.000  0.000  0.000  0.0000000000
28145  0.000  0.000  0.000  0.0000000000
28155  0.000  0.000  0.000  0.0000000000
28156  0.000  0.000  0.000  0.0000000000
28157  0.000  0.000  0.000  0.0000000000
28164  0.000  0.000  0.000  0.0000000000
28165  0.000  0.000  0.000  0.0000000000
29337  0.000  0.000  0.000  0.0000000000
29355  0.000  0.000  0.000  0.0000000000
29356  0.000  0.000  0.000  0.0000000000
29357  0.000  0.000  0.000  0.0000000000
29372  0.000  0.000  0.000  0.0000000000
29373  0.000  0.000  0.000  0.0000000000
29374  0.000  0.000  0.000  0.0000000000
29381  -42.975  -56.823  -25.639  0.0000000000
29382  -43.461  -57.137  -25.544  0.0000000000
29383  -44.238  -57.143  -25.047  0.0000000000
29392  -42.283  -56.750  -26.439  0.0000000000
29393  -42.777  -57.129  -26.186  0.0000000000
29394  -43.266  -57.491  -25.929  0.0000000000
29408  -42.268  -56.913  -26.887  0.0000000000
29409  -42.688  -57.350  -27.054  0.0000000000
29421  -42.388  -56.974  -27.719  0.0000000000
29422  -42.994  -57.413  -27.765  0.0000000000
29423  -43.430  -57.588  -28.004  0.0000000000
29433  -42.380  -56.840  -28.260  0.0000000000
29434  -42.815  -57.073  -28.496  0.0000000000
29435  -43.413  -57.457  -28.427  0.0000000000
29441  -42.310  -56.955  -29.445  0.0000000000
29442  -42.943  -57.135  -29.278  0.0000000000
29443  -43.628  -57.411  -29.151  0.0000000000
29444  -44.106  -57.564  -29.484  0.0000000000
29446  -41.385  -57.256  -30.182  0.0000000000
29447  -42.154  -57.363  -29.903  0.0000000000
29448  -42.835  -57.412  -29.816  0.0000000000
29449  -43.539  -57.459  -29.698  0.0000000000
29450  -43.986  -57.489  -29.618  0.0000000000
29453  -39.909  -57.173  -31.127  0.0000000000
29454  -40.573  -57.208  -30.674  0.0000000000
29455  -40.985  -57.189  -30.539  0.0000000000
29458  -39.577  -57.124  -31.914  0.0000000000
29463  -35.278  -57.596  -32.754  0.0000000000
29464  -35.884  -57.582  -32.698  0.0000000000
29465  -36.307  -57.612  -32.732  0.0000000000
29466  -39.630  -57.017  -32.531  0.0000000000
29474  -32.660  -57.454  -33.400  0.0000000000
29475  -33.482  -57.473  -33.427  0.0000000000
29476  -34.251  -57.430  -33.417  0.0000000000
29477  -34.929  -57.425  -33.286  0.0000000000
29478  -35.717  -57.325  -33.271  0.0000000000
29479  -36.493  -57.468  -33.241  0.0000000000
29480  -37.026  -57.580  -33.518  0.0000000000
29481  -39.804  -57.163  -33.212  0.0000000000
29482  -40.151  -56.854  -33.569  0.0000000000
29500  -32.380  -56.991  -33.804  0.0000000000
29501  -33.200  -57.004  -33.804  0.0000000000
29502  -33.976  -57.017  -33.855  0.0000000000
29503  -34.799  -57.073  -34.154  0.0000000000
29504  -35.598  -57.220  -33.996  0.0000000000
29505  -36.307  -57.312  -33.946  0.0000000000
29506  -36.904  -57.512  -33.962  0.0000000000
29507  -39.834  -57.604  -33.613  0.0000000000
29508  -40.150  -57.324  -33.862  0.0000000000
29525  -35.010  -57.020  -34.987  0.0000000000
29526  -35.546  -57.200  -34.801  0.0000000000
29527  -36.207  -57.340  -34.655  0.0000000000
29528  -36.721  -57.472  -34.499  0.0000000000
29529  -40.530  -57.265  -34.434  0.0000000000
29530  -40.913  -57.192  -34.866  0.0000000000
29535  -31.422  -57.099  -35.404  0.0000000000
29536  -32.171  -56.980  -35.796  0.0000000000
29537  -32.939  -56.939  -35.861  0.0000000000
29538  -33.746  -56.933  -35.829  0.0000000000
29539  -34.562  -56.956  -35.604  0.0000000000
29540  -35.309  -57.218  -35.572  0.0000000000
29541  -36.057  -57.443  -35.457  0.0000000000
29542  -41.298  -57.192  -35.257  0.0000000000
29543  -41.824  -57.193  -35.644  0.0000000000
29544  -42.328  -56.933  -35.828  0.0000000000
29547  -31.034  -57.495  -35.951  0.0000000000
29548  -31.614  -57.410  -36.261  0.0000000000
29549  -32.416  -57.245  -36.369  0.0000000000
29550  -33.200  -57.200  -36.400  0.0000000000
29551  -34.007  -57.209  -36.367  0.0000000000
29552  -34.801  -57.333  -36.346  0.0000000000
29553  -35.568  -57.480  -36.168  0.0000000000
29554  -36.144  -57.683  -36.089  0.0000000000
29555  -42.183  -57.413  -35.985  0.0000000000
29556  -42.717  -57.233  -36.174  0.0000000000
29557  -43.436  -57.231  -36.489  0.0000000000
29558  -43.995  -56.984  -36.633  0.0000000000
29569  -32.002  -57.586  -36.851  0.0000000000
29570  -32.743  -57.478  -36.922  0.0000000000
29571  -33.527  -57.461  -36.939  0.0000000000
29572  -34.271  -57.493  -36.907  0.0000000000
29573  -34.722  -57.541  -36.859  0.0000000000
29574  -43.851  -57.522  -36.910  0.0000000000
29575  -44.390  -57.205  -37.202  0.0000000000
29576  -44.772  -56.883  -37.422  0.0000000000
29587  0.000  0.000  0.000  0.0000000000
29588  0.000  0.000  0.000  0.0000000000
29589  0.000  0.000  0.000  0.0000000000
29590  -40.914  -56.933  -38.267  0.0000000000
29591  -41.533  -56.889  -38.311  0.0000000000
29592  -44.490  -57.211  -37.938  0.0000000000
29593  -44.801  -56.682  -37.725  0.0000000000
29603  0.000  0.000  0.000  0.0000000000
29604  0.000  0.000  0.000  0.0000000000
29605  0.000  0.000  0.000  0.0000000000
29606  0.000  0.000  0.000  0.0000000000
29607  -41.161  -57.101  -38.871  0.0000000000
29608  -41.929  -56.971  -38.829  0.0000000000
29609  -42.622  -57.015  -39.042  0.0000000000
29610  -43.352  -57.276  -39.044  0.0000000000
29611  -44.054  -57.160  -38.533  0.0000000000
29623  0.000  0.000  0.000  0.0000000000
29624  0.000  0.000  0.000  0.0000000000
29625  0.000  0.000  0.000  0.0000000000
29626  0.000  0.000  0.000  0.0000000000
29627  -41.512  -57.171  -39.600  0.0000000000
29628  -42.229  -57.200  -39.633  0.0000000000
29629  -42.895  -57.425  -39.640  0.0000000000
29630  -43.229  -57.560  -39.476  0.0000000000
29644  0.000  0.000  0.000  0.0000000000
29645  0.000  0.000  0.000  0.0000000000
29646  0.000  0.000  0.000  0.0000000000
29647  0.000  0.000  0.000  0.0000000000
29648  -42.000  -57.265  -40.400  0.0000000000
29649  -42.591  -57.522  -40.342  0.0000000000
29665  0.000  0.000  0.000  0.0000000000
29666  0.000  0.000  0.000  0.0000000000
29667  0.000  0.000  0.000  0.0000000000
29668  0.000  0.000  0.000  0.0000000000
29669  0.000  0.000  0.000  0.0000000000
29670  -42.432  -57.502  -41.079  0.0000000000
29684  0.000  0.000  0.000  0.0000000000
29685  0.000  0.000  0.000  0.0000000000
29686  0.000  0.000  0.000  0.0000000000
29687  -42.330  -57.418  -41.556  0.0000000000
29697  0.000  0.000  0.000  0.0000000000
29698  0.000  0.000  0.000  0.0000000000
29707  0.000  0.000  0.000  0.0000000000
29708  0.000  0.000  0.000  0.0000000000
29709  0.000  0.000  0.000  0.0000000000
29717  0.000  0.000  0.000  0.0000000000
29718  0.000  0.000  0.000  0.0000000000
29719  0.000  0.000  0.000  0.0000000000
29725  0.000  0.000  0.000  0.0000000000
29726  0.000  0.000  0.000  0.0000000000
30885  0.000  0.000  0.000  0.0000000000
30895  0.000  0.000  0.000  0.0000000000
30896  0.000  0.000  0.000  0.0000000000
30897  0.000  0.000  0.000  0.0000000000
30915  0.000  0.000  0.000  0.0000000000
30916  0.000  0.000  0.000  0.0000000000
30917  0.000  0.000  0.000  0.0000000000
30932  -43.187  -56.324  -25.511  0.0000000000
30933  -43.818  -56.418  -25.238  0.0000000000
30934  -44.254  -56.400  -25.008  0.0000000000
30946  -42.360  -56.247  -26.247  0.0000000000
30947  -42.759  -56.484  -25.791  0.0000000000
30956  -42.049  -56.356  -26.825  0.0000000000
30958  -41.608  -56.017  -27.995  0.0000000000
30959  -41.961  -56.478  -27.487  0.0000000000
30961  -41.510  -56.115  -28.698  0.0000000000
30962  -42.033  -56.575  -28.312  0.0000000000
30963  -42.411  -56.789  -28.491  0.0000000000
30966  -41.363  -56.237  -29.363  0.0000000000
30967  -41.886  -56.540  -29.073  0.0000000000
30968  -42.411  -56.789  -28.880  0.0000000000
30971  -40.629  -56.171  -30.229  0.0000000000
30972  -41.173  -56.465  -29.973  0.0000000000
30973  -41.728  -56.743  -29.695  0.0000000000
30978  -39.850  -56.188  -31.050  0.0000000000
30979  -40.324  -56.547  -30.691  0.0000000000
30980  -40.889  -56.759  -30.456  0.0000000000
30985  -39.696  -56.399  -31.684  0.0000000000
30989  -39.649  -56.548  -32.248  0.0000000000
31003  -39.802  -56.451  -32.786  0.0000000000
31004  -40.122  -56.405  -33.289  0.0000000000
31017  -31.843  -56.715  -34.282  0.0000000000
31018  -32.163  -56.695  -34.276  0.0000000000
31019  -32.873  -56.661  -34.261  0.0000000000
31020  -33.649  -56.667  -34.267  0.0000000000
31021  -34.262  -56.731  -34.343  0.0000000000
31022  -40.477  -56.504  -33.881  0.0000000000
31023  -40.881  -56.193  -34.207  0.0000000000
31027  -31.816  -56.752  -34.680  0.0000000000
31028  -32.453  -56.579  -34.780  0.0000000000
31029  -33.200  -56.531  -34.800  0.0000000000
31030  -33.947  -56.579  -34.820  0.0000000000
31031  -34.540  -56.752  -34.920  0.0000000000
31032  -40.777  -56.681  -34.480  0.0000000000
31033  -41.219  -56.430  -34.745  0.0000000000
31034  -41.683  -56.178  -34.989  0.0000000000
31041  -32.070  -56.731  -35.257  0.0000000000
31042  -32.686  -56.667  -35.333  0.0000000000
31043  -33.461  -56.661  -35.339  0.0000000000
31044  -34.179  -56.695  -35.324  0.0000000000
31045  -34.513  -56.715  -35.318  0.0000000000
31046  -41.602  -56.667  -35.260  0.0000000000
31047  -42.075  -56.400  -35.412  0.0000000000
31048  -42.737  -56.433  -35.742  0.0000000000
31049  -43.404  -56.204  -35.796  0.0000000000
31050  -43.933  -56.089  -35.911  0.0000000000
31057  0.000  0.000  0.000  0.0000000000
31058  0.000  0.000  0.000  0.0000000000
31059  -43.200  -56.711  -36.106  0.0000000000
31060  -43.743  -56.590  -36.224  0.0000000000
31061  -44.370  -56.396  -36.426  0.0000000000
31062  -44.833  -56.178  -36.622  0.0000000000
31076  0.000  0.000  0.000  0.0000000000
31077  0.000  0.000  0.000  0.0000000000
31078  0.000  0.000  0.000  0.0000000000
31079  -40.247  -56.214  -37.358  0.0000000000
31080  -41.004  -56.204  -37.396  0.0000000000
31081  -41.743  -56.162  -37.438  0.0000000000
31082  -42.329  -56.054  -37.575  0.0000000000
31083  -44.717  -56.622  -36.978  0.0000000000
31084  -44.941  -56.277  -37.171  0.0000000000
31096  0.000  0.000  0.000  0.0000000000
31097  0.000  0.000  0.000  0.0000000000
31098  0.000  0.000  0.000  0.0000000000
31099  0.000  0.000  0.000  0.0000000000
31100  -40.596  -56.596  -37.804  0.0000000000
31101  -41.353  -56.586  -37.842  0.0000000000
31102  -42.050  -56.544  -38.044  0.0000000000
31103  -42.861  -56.290  -38.096  0.0000000000
31104  -43.613  -56.227  -38.173  0.0000000000
31105  -44.319  -56.421  -38.068  0.0000000000
31106  -44.830  -56.104  -37.652  0.0000000000
31119  0.000  0.000  0.000  0.0000000000
31120  0.000  0.000  0.000  0.0000000000
31121  0.000  0.000  0.000  0.0000000000
31122  -42.451  -56.688  -38.520  0.0000000000
31123  -42.954  -56.726  -38.659  0.0000000000
31124  -43.505  -56.650  -38.529  0.0000000000
31125  -43.956  -56.590  -38.412  0.0000000000
31141  0.000  0.000  0.000  0.0000000000
31142  0.000  0.000  0.000  0.0000000000
31156  0.000  0.000  0.000  0.0000000000
31157  0.000  0.000  0.000  0.0000000000
31172  0.000  0.000  0.000  0.0000000000
31173  0.000  0.000  0.000  0.0000000000
31174  0.000  0.000  0.000  0.0000000000
31175  0.000  0.000  0.000  0.0000000000
31188  0.000  0.000  0.000  0.0000000000
31189  0.000  0.000  0.000  0.0000000000
31190  0.000  0.000  0.000  0.0000000000
31191  0.000  0.000  0.000  0.0000000000
31192  0.000  0.000  0.000  0.0000000000
31206  0.000  0.000  0.000  0.0000000000
31207  0.000  0.000  0.000  0.0000000000
31208  0.000  0.000  0.000  0.0000000000
31209  0.000  0.000  0.000  0.0000000000
31210  0.000  0.000  0.000  0.0000000000
31225  0.000  0.000  0.000  0.0000000000
31226  0.000  0.000  0.000  0.0000000000
31238  0.000  0.000  0.000  0.0000000000
31239  0.000  0.000  0.000  0.0000000000
31240  0.000  0.000  0.000  0.0000000000
31252  0.000  0.000  0.000  0.0000000000
32421  0.000  0.000  0.000  0.0000000000
32422  0.000  0.000  0.000  0.0000000000
32423  0.000  0.000  0.000  0.0000000000
32439  0.000  0.000  0.000  0.0000000000
32440  0.000  0.000  0.000  0.0000000000
32441  0.000  0.000  0.000  0.0000000000
32442  0.000  0.000  0.000  0.0000000000
32443  0.000  0.000  0.000  0.0000000000
32457  -43.244  -55.790  -25.588  0.0000000000
32458  -43.676  -55.814  -25.457  0.0000000000
32459  0.000  0.000  0.000  0.0000000000
32460  0.000  0.000  0.000  0.0000000000
32461  0.000  0.000  0.000  0.0000000000
32462  0.000  0.000  0.000  0.0000000000
32463  0.000  0.000  0.000  0.0000000000
32464  0.000  0.000  0.000  0.0000000000
32473  -42.329  -55.413  -26.297  0.0000000000
32474  -42.865  -55.695  -25.900  0.0000000000
32475  -43.560  -55.410  -25.740  0.0000000000
32476  -44.000  -55.424  -25.568  0.0000000000
32480  -42.043  -55.614  -26.757  0.0000000000
32483  -41.473  -55.318  -27.825  0.0000000000
32484  -41.776  -55.810  -27.361  0.0000000000
32487  -41.235  -55.551  -28.420  0.0000000000
32491  -40.668  -55.319  -29.494  0.0000000000
32492  -41.086  -55.714  -29.086  0.0000000000
32496  -40.012  -55.309  -30.405  0.0000000000
32497  -40.424  -55.564  -30.049  0.0000000000
32498  -40.922  -55.878  -29.722  0.0000000000
32506  -39.829  -55.502  -30.963  0.0000000000
32507  -40.139  -55.861  -30.539  0.0000000000
32519  -39.730  -55.642  -31.603  0.0000000000
32533  -39.843  -55.749  -32.326  0.0000000000
32534  -40.227  -55.401  -32.784  0.0000000000
32548  -40.029  -55.881  -32.932  0.0000000000
32549  -40.512  -55.665  -33.294  0.0000000000
32550  -40.914  -55.475  -33.562  0.0000000000
32553  -40.776  -55.855  -33.787  0.0000000000
32554  -41.200  -55.625  -34.025  0.0000000000
32555  -41.665  -55.387  -34.252  0.0000000000
32561  -41.533  -55.822  -34.578  0.0000000000
32562  -42.029  -55.610  -34.793  0.0000000000
32563  -42.617  -55.450  -34.973  0.0000000000
32564  -43.162  -55.327  -35.052  0.0000000000
32574  0.000  0.000  0.000  0.0000000000
32575  0.000  0.000  0.000  0.0000000000
32576  0.000  0.000  0.000  0.0000000000
32577  -42.467  -55.911  -35.289  0.0000000000
32578  -42.996  -55.796  -35.404  0.0000000000
32579  -43.649  -55.573  -35.456  0.0000000000
32580  -44.290  -55.635  -35.785  0.0000000000
32581  -44.733  -55.388  -35.862  0.0000000000
32589  0.000  0.000  0.000  0.0000000000
32590  0.000  0.000  0.000  0.0000000000
32591  0.000  0.000  0.000  0.0000000000
32592  0.000  0.000  0.000  0.0000000000
32593  -40.286  -55.448  -36.552  0.0000000000
32594  -40.980  -55.399  -36.601  0.0000000000
32595  0.000  0.000  0.000  0.0000000000
32596  -44.700  -55.822  -36.211  0.0000000000
32597  -44.978  -55.568  -36.433  0.0000000000
32613  0.000  0.000  0.000  0.0000000000
32614  0.000  0.000  0.000  0.0000000000
32615  0.000  0.000  0.000  0.0000000000
32616  -40.012  -55.840  -36.927  0.0000000000
32617  -40.620  -55.801  -36.999  0.0000000000
32618  -41.353  -55.758  -37.014  0.0000000000
32619  -42.062  -55.567  -37.042  0.0000000000
32620  -42.838  -55.571  -37.454  0.0000000000
32621  -43.346  -55.159  -37.445  0.0000000000
32622  -44.688  -55.438  -37.528  0.0000000000
32623  -44.921  -55.459  -37.176  0.0000000000
32637  0.000  0.000  0.000  0.0000000000
32638  0.000  0.000  0.000  0.0000000000
32639  -43.202  -55.903  -37.889  0.0000000000
32640  -43.710  -55.641  -37.805  0.0000000000
32641  -44.445  -55.633  -37.756  0.0000000000
32642  -44.819  -55.697  -37.594  0.0000000000
32714  0.000  0.000  0.000  0.0000000000
32715  0.000  0.000  0.000  0.0000000000
32716  0.000  0.000  0.000  0.0000000000
32727  0.000  0.000  0.000  0.0000000000
32728  0.000  0.000  0.000  0.0000000000
32729  0.000  0.000  0.000  0.0000000000
32739  0.000  0.000  0.000  0.0000000000
32740  0.000  0.000  0.000  0.0000000000
32741  0.000  0.000  0.000  0.0000000000
33917  -44.573  -55.127  -25.447  0.0000000000
33918  0.000  0.000  0.000  0.0000000000
33919  0.000  0.000  0.000  0.0000000000
33920  0.000  0.000  0.000  0.0000000000
33921  0.000  0.000  0.000  0.0000000000
33922  0.000  0.000  0.000  0.0000000000
33930  -42.300  -55.075  -26.314  0.0000000000
33931  -42.614  -55.056  -26.268  0.0000000000
33932  -43.362  -54.906  -26.141  0.0000000000
33933  0.000  0.000  0.000  0.0000000000
33934  0.000  0.000  0.000  0.0000000000
33935  0.000  0.000  0.000  0.0000000000
33936  0.000  0.000  0.000  0.0000000000
33937  0.000  0.000  0.000  0.0000000000
33938  0.000  0.000  0.000  0.0000000000
33944  -42.271  -54.962  -26.628  0.0000000000
33945  -42.874  -54.514  -26.612  0.0000000000
33946  -43.424  -54.456  -26.434  0.0000000000
33950  -41.507  -54.645  -27.725  0.0000000000
33951  -41.856  -54.958  -27.265  0.0000000000
33954  -40.764  -54.484  -28.731  0.0000000000
33955  -41.133  -54.771  -28.254  0.0000000000
33959  -40.583  -54.647  -29.318  0.0000000000
33960  -40.892  -55.094  -28.878  0.0000000000
33968  -40.017  -54.941  -30.453  0.0000000000
33969  -40.321  -54.802  -30.089  0.0000000000
33983  -39.940  -54.986  -30.911  0.0000000000
33984  -40.217  -54.607  -30.833  0.0000000000
33998  -39.900  -55.091  -31.571  0.0000000000
33999  -40.227  -54.650  -31.554  0.0000000000
34009  -39.873  -55.247  -32.016  0.0000000000
34010  -40.413  -54.864  -32.384  0.0000000000
34011  -41.022  -54.529  -32.733  0.0000000000
34013  -40.556  -55.144  -32.927  0.0000000000
34014  -41.206  -54.900  -33.299  0.0000000000
34015  -41.837  -54.529  -33.548  0.0000000000
34022  -41.519  -55.144  -33.889  0.0000000000
34023  -42.101  -54.861  -34.060  0.0000000000
34024  -43.014  -54.584  -34.262  0.0000000000
34025  -43.482  -54.470  -34.380  0.0000000000
34033  0.000  0.000  0.000  0.0000000000
34034  0.000  0.000  0.000  0.0000000000
34035  0.000  0.000  0.000  0.0000000000
34036  0.000  0.000  0.000  0.0000000000
34037  -42.353  -55.184  -34.623  0.0000000000
34038  -42.809  -55.004  -34.640  0.0000000000
34039  -43.702  -54.826  -34.850  0.0000000000
34040  -44.549  -54.573  -35.052  0.0000000000
34041  -44.960  -54.410  -35.250  0.0000000000
34049  0.000  0.000  0.000  0.0000000000
34050  0.000  0.000  0.000  0.0000000000
34051  0.000  0.000  0.000  0.0000000000
34052  0.000  0.000  0.000  0.0000000000
34053  0.000  0.000  0.000  0.0000000000
34054  0.000  0.000  0.000  0.0000000000
34055  0.000  0.000  0.000  0.0000000000
34056  -43.999  -55.230  -35.377  0.0000000000
34057  -44.389  -55.050  -35.426  0.0000000000
34058  -44.921  -54.852  -35.686  0.0000000000
34068  0.000  0.000  0.000  0.0000000000
34069  0.000  0.000  0.000  0.0000000000
34070  -40.014  -55.088  -36.127  0.0000000000
34071  -40.620  -55.001  -36.199  0.0000000000
34072  -41.314  -54.952  -36.248  0.0000000000
34073  0.000  0.000  0.000  0.0000000000
34074  0.000  0.000  0.000  0.0000000000
34075  -45.061  -54.783  -36.407  0.0000000000
34092  -42.433  -55.067  -36.911  0.0000000000
34093  -42.904  -54.780  -37.023  0.0000000000
34094  -43.562  -54.733  -37.247  0.0000000000
34095  -44.342  -54.933  -37.363  0.0000000000
34096  -44.868  -54.599  -36.937  0.0000000000
34114  -43.796  -55.092  -37.581  0.0000000000
34115  -44.091  -55.253  -37.700  0.0000000000
35444  0.000  0.000  0.000  0.0000000000
35445  0.000  0.000  0.000  0.0000000000
35446  0.000  0.000  0.000  0.0000000000
35447  0.000  0.000  0.000  0.0000000000
35448  0.000  0.000  0.000  0.0000000000
35449  0.000  0.000  0.000  0.0000000000
35450  0.000  0.000  0.000  0.0000000000
35457  -42.296  -54.433  -27.015  0.0000000000
35458  -42.732  -53.893  -27.104  0.0000000000
35459  0.000  0.000  0.000  0.0000000000
35460  0.000  0.000  0.000  0.0000000000
35461  0.000  0.000  0.000  0.0000000000
35462  0.000  0.000  0.000  0.0000000000
35463  0.000  0.000  0.000  0.0000000000
35464  0.000  0.000  0.000  0.0000000000
35465  0.000  0.000  0.000  0.0000000000
35471  -41.381  -54.190  -27.928  0.0000000000
35472  -41.970  -54.072  -27.522  0.0000000000
35473  -42.442  -53.642  -27.460  0.0000000000
35474  0.000  0.000  0.000  0.0000000000
35475  0.000  0.000  0.000  0.0000000000
35476  0.000  0.000  0.000  0.0000000000
35477  0.000  0.000  0.000  0.0000000000
35481  -40.719  -54.189  -28.686  0.0000000000
35482  -41.024  -54.029  -28.479  0.0000000000
35494  -40.683  -54.073  -29.038  0.0000000000
35495  -40.992  -53.664  -28.970  0.0000000000
35511  -40.513  -54.098  -29.782  0.0000000000
35525  -40.601  -54.014  -30.669  0.0000000000
35526  -40.952  -53.674  -30.903  0.0000000000
35535  -40.631  -54.242  -31.529  0.0000000000
35536  -41.220  -53.809  -31.487  0.0000000000
35537  -41.716  -53.638  -31.703  0.0000000000
35540  -40.574  -54.420  -32.016  0.0000000000
35541  -41.135  -54.239  -32.345  0.0000000000
35542  -41.965  -53.783  -32.287  0.0000000000
35543  -42.516  -53.638  -32.503  0.0000000000
35549  -41.324  -54.404  -32.893  0.0000000000
35550  -41.884  -54.246  -33.127  0.0000000000
35551  -42.775  -53.839  -33.080  0.0000000000
35552  -43.677  -53.777  -33.410  0.0000000000
35553  -44.391  -53.683  -33.437  0.0000000000
35554  -44.839  -53.556  -33.390  0.0000000000
35561  0.000  0.000  0.000  0.0000000000
35562  0.000  0.000  0.000  0.0000000000
35563  0.000  0.000  0.000  0.0000000000
35564  0.000  0.000  0.000  0.0000000000
35565  0.000  0.000  0.000  0.0000000000
35566  -42.111  -54.401  -33.649  0.0000000000
35567  -42.579  -54.300  -33.723  0.0000000000
35568  -43.476  -54.178  -33.990  0.0000000000
35569  -44.288  -53.950  -34.018  0.0000000000
35570  -44.968  -53.611  -33.919  0.0000000000
35575  0.000  0.000  0.000  0.0000000000
35576  0.000  0.000  0.000  0.0000000000
35577  0.000  0.000  0.000  0.0000000000
35578  0.000  0.000  0.000  0.0000000000
35579  0.000  0.000  0.000  0.0000000000
35580  0.000  0.000  0.000  0.0000000000
35581  -43.711  -54.401  -34.449  0.0000000000
35582  -44.154  -54.300  -34.536  0.0000000000
35583  -44.883  -53.957  -34.811  0.0000000000
35598  0.000  0.000  0.000  0.0000000000
35599  0.000  0.000  0.000  0.0000000000
35600  0.000  0.000  0.000  0.0000000000
35601  0.000  0.000  0.000  0.0000000000
35602  0.000  0.000  0.000  0.0000000000
35603  0.000  0.000  0.000  0.0000000000
35604  -45.074  -54.102  -35.715  0.0000000000
35621  0.000  0.000  0.000  0.0000000000
35622  0.000  0.000  0.000  0.0000000000
35623  0.000  0.000  0.000  0.0000000000
35624  0.000  0.000  0.000  0.0000000000
35625  0.000  0.000  0.000  0.0000000000
35641  0.000  0.000  0.000  0.0000000000
35642  0.000  0.000  0.000  0.0000000000
35643  0.000  0.000  0.000  0.0000000000
35644  0.000  0.000  0.000  0.0000000000
36925  -43.288  -53.494  -27.117  0.0000000000
36926  0.000  0.000  0.000  0.0000000000
36927  0.000  0.000  0.000  0.0000000000
36928  0.000  0.000  0.000  0.0000000000
36929  0.000  0.000  0.000  0.0000000000
36930  0.000  0.000  0.000  0.0000000000
36936  -41.625  -53.638  -28.070  0.0000000000
36937  -42.226  -53.388  -27.792  0.0000000000
36938  -42.885  -53.214  -27.563  0.0000000000
36939  -43.637  -53.042  -27.429  0.0000000000
36940  0.000  0.000  0.000  0.0000000000
36941  0.000  0.000  0.000  0.0000000000
36942  0.000  0.000  0.000  0.0000000000
36943  0.000  0.000  0.000  0.0000000000
36944  0.000  0.000  0.000  0.0000000000
36945  0.000  0.000  0.000  0.0000000000
36946  0.000  0.000  0.000  0.0000000000
36953  -41.418  -53.399  -28.688  0.0000000000
36954  -42.072  -53.005  -28.441  0.0000000000
36955  -42.554  -52.966  -28.010  0.0000000000
36956  0.000  0.000  0.000  0.0000000000
36957  0.000  0.000  0.000  0.0000000000
36958  0.000  0.000  0.000  0.0000000000
36973  -40.785  -53.603  -29.528  0.0000000000
36974  -41.296  -53.297  -29.374  0.0000000000
36975  -41.846  -52.995  -29.159  0.0000000000
36988  -40.671  -53.613  -30.115  0.0000000000
36989  -41.082  -53.345  -30.046  0.0000000000
36990  -41.874  -53.034  -30.002  0.0000000000
36991  -42.519  -52.904  -30.400  0.0000000000
36994  -40.844  -53.536  -30.523  0.0000000000
36995  -41.333  -53.407  -30.742  0.0000000000
36996  -42.035  -53.203  -30.833  0.0000000000
36997  -42.779  -52.967  -30.962  0.0000000000
36998  -43.333  -52.867  -31.233  0.0000000000
37001  -41.647  -53.495  -31.301  0.0000000000
37002  -42.172  -53.404  -31.555  0.0000000000
37003  -42.848  -53.200  -31.648  0.0000000000
37004  -43.579  -52.967  -31.763  0.0000000000
37005  -44.133  -52.867  -32.033  0.0000000000
37008  -42.447  -53.495  -32.101  0.0000000000
37009  -42.972  -53.404  -32.355  0.0000000000
37010  -43.666  -53.204  -32.415  0.0000000000
37011  -44.424  -53.024  -32.493  0.0000000000
37012  -44.986  -52.971  -32.777  0.0000000000
37019  0.000  0.000  0.000  0.0000000000
37020  0.000  0.000  0.000  0.0000000000
37021  0.000  0.000  0.000  0.0000000000
37022  0.000  0.000  0.000  0.0000000000
37023  -43.321  -53.515  -32.874  0.0000000000
37024  -43.951  -53.438  -32.948  0.0000000000
37025  -44.623  -53.349  -33.046  0.0000000000
37026  -45.255  -53.153  -33.310  0.0000000000
37027  -45.738  -52.890  -33.668  0.0000000000
37038  0.000  0.000  0.000  0.0000000000
37039  0.000  0.000  0.000  0.0000000000
37040  0.000  0.000  0.000  0.0000000000
37041  0.000  0.000  0.000  0.0000000000
37042  0.000  0.000  0.000  0.0000000000
37043  0.000  0.000  0.000  0.0000000000
37044  -45.440  -53.223  -33.933  0.0000000000
37045  0.000  0.000  0.000  0.0000000000
37061  0.000  0.000  0.000  0.0000000000
37062  0.000  0.000  0.000  0.0000000000
37063  0.000  0.000  0.000  0.0000000000
37064  0.000  0.000  0.000  0.0000000000
37065  0.000  0.000  0.000  0.0000000000
37066  0.000  0.000  0.000  0.0000000000
37086  0.000  0.000  0.000  0.0000000000
37087  0.000  0.000  0.000  0.0000000000
37088  0.000  0.000  0.000  0.0000000000
37089  0.000  0.000  0.000  0.0000000000
37090  0.000  0.000  0.000  0.0000000000
37091  0.000  0.000  0.000  0.0000000000
37107  0.000  0.000  0.000  0.0000000000
37108  0.000  0.000  0.000  0.0000000000
37109  0.000  0.000  0.000  0.0000000000
37110  0.000  0.000  0.000  0.0000000000
38411  -42.893  -52.812  -27.932  0.0000000000
38412  -43.329  -52.732  -27.894  0.0000000000
38413  -44.073  -52.636  -27.874  0.0000000000
38414  0.000  0.000  0.000  0.0000000000
38415  0.000  0.000  0.000  0.0000000000
38416  0.000  0.000  0.000  0.0000000000
38417  0.000  0.000  0.000  0.0000000000
38418  0.000  0.000  0.000  0.0000000000
38432  -42.285  -52.685  -28.593  0.0000000000
38433  -42.712  -52.647  -28.413  0.0000000000
38434  -43.522  -52.440  -28.491  0.0000000000
38435  -44.349  -52.208  -28.504  0.0000000000
38436  0.000  0.000  0.000  0.0000000000
38437  0.000  0.000  0.000  0.0000000000
38438  0.000  0.000  0.000  0.0000000000
38439  0.000  0.000  0.000  0.0000000000
38440  0.000  0.000  0.000  0.0000000000
38441  0.000  0.000  0.000  0.0000000000
38453  -42.283  -52.683  -28.910  0.0000000000
38454  -42.858  -52.499  -29.109  0.0000000000
38455  -43.529  -52.144  -29.295  0.0000000000
38456  -44.016  -51.945  -28.990  0.0000000000
38458  -42.296  -52.715  -29.479  0.0000000000
38459  -42.794  -52.585  -29.877  0.0000000000
38460  -43.402  -52.218  -30.133  0.0000000000
38462  -43.029  -52.629  -30.438  0.0000000000
38463  -43.604  -52.382  -30.792  0.0000000000
38464  -44.160  -52.187  -31.147  0.0000000000
38469  -43.822  -52.589  -31.283  0.0000000000
38470  -44.398  -52.388  -31.571  0.0000000000
38471  -45.126  -52.167  -31.825  0.0000000000
38472  -45.623  -52.046  -32.130  0.0000000000
38479  0.000  0.000  0.000  0.0000000000
38480  0.000  0.000  0.000  0.0000000000
38481  -44.667  -52.629  -32.038  0.0000000000
38482  -45.171  -52.543  -32.357  0.0000000000
38483  -45.788  -52.239  -32.596  0.0000000000
38495  0.000  0.000  0.000  0.0000000000
38496  0.000  0.000  0.000  0.0000000000
38497  0.000  0.000  0.000  0.0000000000
38498  0.000  0.000  0.000  0.0000000000
38499  0.000  0.000  0.000  0.0000000000
38500  0.000  0.000  0.000  0.0000000000
38501  -45.427  -52.679  -32.836  0.0000000000
38502  -45.887  -52.501  -33.217  0.0000000000
38503  0.000  0.000  0.000  0.0000000000
38519  0.000  0.000  0.000  0.0000000000
38520  0.000  0.000  0.000  0.0000000000
38521  0.000  0.000  0.000  0.0000000000
38522  0.000  0.000  0.000  0.0000000000
38523  0.000  0.000  0.000  0.0000000000
38524  0.000  0.000  0.000  0.0000000000
38525  0.000  0.000  0.000  0.0000000000
38539  0.000  0.000  0.000  0.0000000000
38540  0.000  0.000  0.000  0.0000000000
38541  0.000  0.000  0.000  0.0000000000
38542  0.000  0.000  0.000  0.0000000000
38543  0.000  0.000  0.000  0.0000000000
38544  0.000  0.000  0.000  0.0000000000
38545  0.000  0.000  0.000  0.0000000000
38560  0.000  0.000  0.000  0.0000000000
38561  0.000  0.000  0.000  0.0000000000
38562  0.000  0.000  0.000  0.0000000000
38563  0.000  0.000  0.000  0.0000000000
38579  0.000  0.000  0.000  0.0000000000
38580  0.000  0.000  0.000  0.0000000000
39909  -44.784  -51.948  -28.556  0.0000000000
39910  0.000  0.000  0.000  0.0000000000
39911  0.000  0.000  0.000  0.0000000000
39912  0.000  0.000  0.000  0.0000000000
39913  0.000  0.000  0.000  0.0000000000
39914  0.000  0.000  0.000  0.0000000000
39915  0.000  0.000  0.000  0.0000000000
39918  -43.539  -51.527  -29.166  0.0000000000
39919  -44.435  -51.625  -28.939  0.0000000000
39920  0.000  0.000  0.000  0.0000000000
39921  0.000  0.000  0.000  0.0000000000
39922  0.000  0.000  0.000  0.0000000000
39930  -43.963  -51.401  -30.206  0.0000000000
39944  -43.792  -51.829  -30.401  0.0000000000
39945  -44.358  -51.623  -30.777  0.0000000000
39946  -44.844  -51.316  -30.924  0.0000000000
39957  -44.503  -51.931  -31.243  0.0000000000
39958  -44.982  -51.630  -31.316  0.0000000000
39959  -45.616  -51.575  -31.747  0.0000000000
39973  0.000  0.000  0.000  0.0000000000
39974  0.000  0.000  0.000  0.0000000000
39975  0.000  0.000  0.000  0.0000000000
39976  0.000  0.000  0.000  0.0000000000
39977  0.000  0.000  0.000  0.0000000000
39978  0.000  0.000  0.000  0.0000000000
40001  0.000  0.000  0.000  0.0000000000
40002  0.000  0.000  0.000  0.0000000000
40003  0.000  0.000  0.000  0.0000000000
40004  0.000  0.000  0.000  0.0000000000
40005  0.000  0.000  0.000  0.0000000000
40006  0.000  0.000  0.000  0.0000000000
40007  -46.193  -51.987  -32.957  0.0000000000
40008  0.000  0.000  0.000  0.0000000000
40029  0.000  0.000  0.000  0.0000000000
40030  0.000  0.000  0.000  0.0000000000
40031  0.000  0.000  0.000  0.0000000000
40032  0.000  0.000  0.000  0.0000000000
40033  0.000  0.000  0.000  0.0000000000
40034  0.000  0.000  0.000  0.0000000000
40035  0.000  0.000  0.000  0.0000000000
40036  0.000  0.000  0.000  0.0000000000
40055  0.000  0.000  0.000  0.0000000000
40056  0.000  0.000  0.000  0.0000000000
40057  0.000  0.000  0.000  0.0000000000
40058  0.000  0.000  0.000  0.0000000000
40059  0.000  0.000  0.000  0.0000000000
41468  -43.391  -51.212  -28.883  0.0000000000
41469  0.000  0.000  0.000  0.0000000000
41470  0.000  0.000  0.000  0.0000000000
41471  0.000  0.000  0.000  0.0000000000
41472  0.000  0.000  0.000  0.0000000000
41485  -43.732  -51.149  -29.251  0.0000000000
41486  -44.707  -51.112  -29.436  0.0000000000
41487  0.000  0.000  0.000  0.0000000000
41488  0.000  0.000  0.000  0.0000000000
41489  0.000  0.000  0.000  0.0000000000
41490  0.000  0.000  0.000  0.0000000000
41491  0.000  0.000  0.000  0.0000000000
41492  0.000  0.000  0.000  0.0000000000
41493  0.000  0.000  0.000  0.0000000000
41511  -43.589  -51.145  -29.767  0.0000000000
41512  -44.426  -51.094  -30.120  0.0000000000
41513  -45.204  -50.841  -30.076  0.0000000000
41514  0.000  0.000  0.000  0.0000000000
41534  -44.720  -51.191  -30.676  0.0000000000
41535  -45.190  -51.027  -30.861  0.0000000000
41536  -45.781  -50.592  -30.709  0.0000000000
41560  0.000  0.000  0.000  0.0000000000
41561  -45.480  -51.220  -31.395  0.0000000000
41562  0.000  0.000  0.000  0.0000000000
41563  0.000  0.000  0.000  0.0000000000
41584  0.000  0.000  0.000  0.0000000000
41585  0.000  0.000  0.000  0.0000000000
41586  0.000  0.000  0.000  0.0000000000
41587  0.000  0.000  0.000  0.0000000000
41588  0.000  0.000  0.000  0.0000000000
41589  0.000  0.000  0.000  0.0000000000
41590  0.000  0.000  0.000  0.0000000000
41591  0.000  0.000  0.000  0.0000000000
41611  0.000  0.000  0.000  0.0000000000
41612  0.000  0.000  0.000  0.0000000000
41613  0.000  0.000  0.000  0.0000000000
41614  0.000  0.000  0.000  0.0000000000
41615  0.000  0.000  0.000  0.0000000000
41616  0.000  0.000  0.000  0.0000000000
41617  0.000  0.000  0.000  0.0000000000
41632  0.000  0.000  0.000  0.0000000000
41633  0.000  0.000  0.000  0.0000000000
41634  0.000  0.000  0.000  0.0000000000
41635  0.000  0.000  0.000  0.0000000000
41636  0.000  0.000  0.000  0.0000000000
41637  0.000  0.000  0.000  0.0000000000
41652  0.000  0.000  0.000  0.0000000000
41653  0.000  0.000  0.000  0.0000000000
43085  0.000  0.000  0.000  0.0000000000
43086  0.000  0.000  0.000  0.0000000000
43087  0.000  0.000  0.000  0.0000000000
43088  0.000  0.000  0.000  0.0000000000
43089  0.000  0.000  0.000  0.0000000000
43090  0.000  0.000  0.000  0.0000000000
43103  0.000  0.000  0.000  0.0000000000
43104  0.000  0.000  0.000  0.0000000000
43105  0.000  0.000  0.000  0.0000000000
43106  0.000  0.000  0.000  0.0000000000
43119  0.000  0.000  0.000  0.0000000000
43120  0.000  0.000  0.000  0.0000000000
43121  0.000  0.000  0.000  0.0000000000
43147  0.000  0.000  0.000  0.0000000000
43148  0.000  0.000  0.000  0.0000000000
43149  0.000  0.000  0.000  0.0000000000
43150  0.000  0.000  0.000  0.0000000000
43151  0.000  0.000  0.000  0.0000000000
43152  0.000  0.000  0.000  0.0000000000
43175  0.000  0.000  0.000  0.0000000000
43176  0.000  0.000  0.000  0.0000000000
43177  0.000  0.000  0.000  0.0000000000
43178  0.000  0.000  0.000  0.0000000000
43179  0.000  0.000  0.000  0.0000000000
43180  0.000  0.000  0.000  0.0000000000
43181  0.000  0.000  0.000  0.0000000000
43197  0.000  0.000  0.000  0.0000000000
43198  0.000  0.000  0.000  0.0000000000
43199  0.000  0.000  0.000  0.0000000000
43200  0.000  0.000  0.000  0.0000000000
43201  0.000  0.000  0.000  0.0000000000
43202  0.000  0.000  0.000  0.0000000000
43216  0.000  0.000  0.000  0.0000000000
43217  0.000  0.000  0.000  0.0000000000
43218  0.000  0.000  0.000  0.0000000000
43219  0.000  0.000  0.000  0.0000000000
44708  0.000  0.000  0.000  0.0000000000
44709  0.000  0.000  0.000  0.0000000000
44726  0.000  0.000  0.000  0.0000000000
44727  0.000  0.000  0.000  0.0000000000
44745  0.000  0.000  0.000  0.0000000000
44746  0.000  0.000  0.000  0.0000000000
44761  0.000  0.000  0.000  0.0000000000
44762  0.000  0.000  0.000  0.0000000000
44763  0.000  0.000  0.000  0.0000000000
44764  0.000  0.000  0.000  0.0000000000
44765  0.000  0.000  0.000  0.0000000000
44773  0.000  0.000  0.000  0.0000000000
44774  0.000  0.000  0.000  0.0000000000
44775  0.000  0.000  0.000  0.0000000000
44776  0.000  0.000  0.000  0.0000000000
44777  0.000  0.000  0.000  0.0000000000
44783  0.000  0.000  0.000  0.0000000000
44784  0.000  0.000  0.000  0.0000000000
44785  0.000  0.000  0.000  0.0000000000
44786  0.000  0.000  0.000  0.0000000000
44793  0.000  0.000  0.000  0.0000000000
44794  0.000  0.000  0.000  0.0000000000
46395  0.000  0.000  0.000  0.0000000000
46411  0.000  0.000  0.000  0.0000000000
46433  0.000  0.000  0.000  0.0000000000
46444  0.000  0.000  0.000  0.0000000000
46445  0.000  0.000  0.000  0.0000000000
46446  0.000  0.000  0.000  0.0000000000
46447  0.000  0.000  0.000  0.0000000000
46456  0.000  0.000  0.000  0.0000000000
46457  0.000  0.000  0.000  0.0000000000
46458  0.000  0.000  0.000  0.0000000000
48093  0.000  0.000  0.000  0.0000000000
48112  0.000  0.000  0.000  0.0000000000
48113  0.000  0.000  0.000  0.0000000000
48114  0.000  0.000  0.000  0.0000000000
218596  -43.670  -51.322  -29.249  0.0000000000
218597  -43.634  -51.899  -29.877  0.0000000000
