#!ascii label  , from subject  vox2ras=TkReg
1603
16752  0.000  0.000  0.000  0.0000000000
16763  0.000  0.000  0.000  0.0000000000
16764  0.000  0.000  0.000  0.0000000000
18067  -8.756  -68.581  -72.249  0.0000000000
19398  -7.561  -67.784  -73.131  0.0000000000
19399  -8.041  -68.003  -72.876  0.0000000000
19400  -8.523  -67.972  -72.850  0.0000000000
19401  -9.066  -68.048  -72.713  0.0000000000
19408  -7.654  -67.268  -73.596  0.0000000000
19409  -7.878  -67.423  -73.431  0.0000000000
19410  -8.207  -67.503  -73.322  0.0000000000
20759  -7.201  -67.442  -73.483  0.0000000000
20760  -8.494  -67.123  -73.637  0.0000000000
20761  -8.931  -67.287  -73.435  0.0000000000
20771  -6.990  -66.574  -74.291  0.0000000000
20772  -7.360  -66.943  -73.922  0.0000000000
20773  -7.793  -66.870  -73.944  0.0000000000
20774  -8.118  -66.987  -73.803  0.0000000000
22164  -5.948  -66.295  -74.630  0.0000000000
22165  -6.344  -66.492  -74.421  0.0000000000
22166  -8.290  -66.432  -74.284  0.0000000000
22167  -8.751  -66.493  -74.176  0.0000000000
22168  -35.927  -61.200  -47.453  0.0000000000
22176  -5.668  -65.545  -75.311  0.0000000000
22177  -6.169  -65.855  -75.001  0.0000000000
22178  -6.677  -66.080  -74.759  0.0000000000
22179  -7.153  -66.070  -74.724  0.0000000000
22180  -7.602  -66.225  -74.542  0.0000000000
22181  -7.945  -66.426  -74.327  0.0000000000
22189  -5.319  -65.337  -75.517  0.0000000000
23504  0.067  -58.735  -80.933  0.0000000000
23505  -0.375  -58.609  -81.024  0.0000000000
23506  -0.960  -58.594  -81.030  0.0000000000
23507  -1.363  -58.652  -80.982  0.0000000000
23525  1.912  -60.074  -79.921  0.0000000000
23526  1.648  -59.872  -80.079  0.0000000000
23527  0.616  -59.445  -80.411  0.0000000000
23528  0.171  -59.178  -80.609  0.0000000000
23529  -0.524  -59.110  -80.658  0.0000000000
23530  -1.027  -58.994  -80.738  0.0000000000
23531  -1.436  -58.926  -80.782  0.0000000000
23545  1.186  -60.160  -79.871  0.0000000000
23546  0.618  -59.943  -80.040  0.0000000000
23547  -0.090  -59.808  -80.144  0.0000000000
23548  -0.673  -59.626  -80.276  0.0000000000
23549  -1.350  -59.510  -80.354  0.0000000000
23550  -1.479  -59.186  -80.590  0.0000000000
23557  0.759  -60.715  -79.455  0.0000000000
23558  0.252  -60.590  -79.554  0.0000000000
23559  -0.350  -60.403  -79.695  0.0000000000
23560  -1.048  -60.218  -79.829  0.0000000000
23561  -1.243  -59.893  -80.070  0.0000000000
23567  0.097  -61.188  -79.095  0.0000000000
23568  -0.756  -61.113  -79.150  0.0000000000
23569  -1.208  -60.760  -79.415  0.0000000000
23570  -1.459  -60.610  -79.526  0.0000000000
23571  -35.002  -60.414  -47.882  0.0000000000
23572  -35.551  -60.400  -47.616  0.0000000000
23573  -36.110  -60.386  -47.361  0.0000000000
23579  -0.799  -61.744  -78.658  0.0000000000
23580  -1.177  -61.554  -78.802  0.0000000000
23581  -5.685  -65.153  -75.649  0.0000000000
23582  -5.883  -65.212  -75.583  0.0000000000
23583  -6.328  -65.304  -75.467  0.0000000000
23584  -6.811  -65.197  -75.518  0.0000000000
23585  -33.658  -60.414  -48.435  0.0000000000
23586  -34.415  -60.529  -48.201  0.0000000000
23592  -1.693  -62.779  -77.820  0.0000000000
23593  -2.882  -63.557  -77.150  0.0000000000
23594  -3.290  -63.861  -76.883  0.0000000000
23595  -4.019  -64.192  -76.572  0.0000000000
23596  -4.715  -64.468  -76.299  0.0000000000
23597  -5.421  -64.804  -75.967  0.0000000000
23598  -5.974  -64.678  -76.033  0.0000000000
23599  -6.443  -64.721  -75.958  0.0000000000
23600  -6.682  -64.739  -75.922  0.0000000000
24988  5.373  -57.584  -81.580  0.0000000000
25005  4.436  -57.974  -81.359  0.0000000000
25006  -28.972  -59.251  -43.126  0.0000000000
25007  -29.521  -59.288  -43.112  0.0000000000
25008  -29.921  -59.234  -43.166  0.0000000000
25027  3.553  -58.385  -81.108  0.0000000000
25028  0.300  -57.642  -81.715  0.0000000000
25029  -0.384  -57.656  -81.705  0.0000000000
25030  -30.041  -59.336  -43.661  0.0000000000
25031  -30.527  -59.135  -43.984  0.0000000000
25046  2.717  -59.368  -80.424  0.0000000000
25047  2.784  -58.859  -80.795  0.0000000000
25048  0.699  -58.596  -81.031  0.0000000000
25049  0.355  -58.198  -81.320  0.0000000000
25050  -0.360  -58.138  -81.362  0.0000000000
25051  -1.191  -58.205  -81.306  0.0000000000
25052  -1.750  -57.967  -81.466  0.0000000000
25065  2.293  -59.680  -80.207  0.0000000000
25066  1.994  -59.440  -80.392  0.0000000000
25067  1.342  -59.321  -80.494  0.0000000000
25068  1.007  -58.946  -80.774  0.0000000000
25069  -1.859  -58.798  -80.866  0.0000000000
25070  -1.916  -58.412  -81.144  0.0000000000
25076  1.554  -59.821  -80.119  0.0000000000
25077  1.351  -59.754  -80.173  0.0000000000
25078  -1.948  -59.746  -80.166  0.0000000000
25079  -2.079  -59.419  -80.406  0.0000000000
25085  -1.576  -60.525  -79.588  0.0000000000
25086  -1.915  -60.213  -79.817  0.0000000000
25087  -2.424  -59.968  -79.987  0.0000000000
25088  -36.747  -59.586  -46.839  0.0000000000
25092  -1.313  -61.505  -78.838  0.0000000000
25093  -1.566  -61.357  -78.948  0.0000000000
25094  -2.056  -60.966  -79.240  0.0000000000
25095  -2.698  -60.799  -79.349  0.0000000000
25096  -35.052  -59.638  -47.818  0.0000000000
25097  -35.633  -59.586  -47.571  0.0000000000
25098  -36.258  -59.471  -47.272  0.0000000000
25103  -1.317  -62.148  -78.332  0.0000000000
25104  -1.765  -61.956  -78.475  0.0000000000
25105  -2.363  -61.618  -78.725  0.0000000000
25106  -2.707  -61.457  -78.840  0.0000000000
25107  -32.579  -59.269  -48.724  0.0000000000
25108  -33.114  -59.600  -48.619  0.0000000000
25109  -33.926  -59.614  -48.336  0.0000000000
25110  -34.537  -59.652  -48.090  0.0000000000
25114  -1.623  -62.434  -78.098  0.0000000000
25115  -2.220  -62.716  -77.857  0.0000000000
25116  -2.843  -63.202  -77.443  0.0000000000
25117  -3.618  -63.385  -77.261  0.0000000000
25118  -4.368  -63.603  -77.043  0.0000000000
25119  -5.039  -63.786  -76.850  0.0000000000
25120  -5.611  -63.929  -76.692  0.0000000000
25121  -31.613  -59.600  -49.044  0.0000000000
25122  -6.598  -64.285  -76.315  0.0000000000
25123  -6.757  -64.715  -75.936  0.0000000000
25124  -2.484  -63.255  -77.412  0.0000000000
25125  -2.720  -63.434  -77.258  0.0000000000
26537  -29.342  -58.315  -41.534  0.0000000000
26538  -29.763  -58.462  -41.487  0.0000000000
26539  -30.279  -58.451  -41.511  0.0000000000
26547  5.662  -57.073  -81.918  0.0000000000
26548  -28.615  -58.391  -42.412  0.0000000000
26549  -29.139  -58.535  -42.062  0.0000000000
26550  -29.878  -58.729  -42.038  0.0000000000
26551  -30.478  -58.477  -42.038  0.0000000000
26560  4.767  -57.361  -81.774  0.0000000000
26561  -28.606  -58.763  -42.913  0.0000000000
26562  -29.315  -58.990  -42.622  0.0000000000
26563  -30.056  -58.934  -42.800  0.0000000000
26564  -30.696  -58.453  -42.748  0.0000000000
26573  3.803  -57.830  -81.494  0.0000000000
26574  1.541  -57.673  -81.679  0.0000000000
26575  -28.267  -58.944  -43.688  0.0000000000
26576  -30.142  -59.120  -43.280  0.0000000000
26577  -30.562  -58.813  -43.549  0.0000000000
26585  2.848  -58.272  -81.218  0.0000000000
26586  2.205  -58.225  -81.271  0.0000000000
26587  1.484  -58.302  -81.232  0.0000000000
26588  1.001  -58.097  -81.386  0.0000000000
26589  -30.763  -58.754  -44.388  0.0000000000
26596  2.406  -58.832  -80.827  0.0000000000
26597  2.064  -58.792  -80.865  0.0000000000
26598  1.622  -58.741  -80.913  0.0000000000
26599  -30.400  -59.067  -45.467  0.0000000000
26600  -30.664  -58.743  -45.149  0.0000000000
26606  -30.217  -59.041  -46.000  0.0000000000
26607  -30.541  -58.571  -45.918  0.0000000000
26608  -37.385  -58.781  -46.199  0.0000000000
26613  -2.935  -60.457  -79.601  0.0000000000
26614  -29.936  -58.784  -46.724  0.0000000000
26615  -30.371  -58.489  -46.451  0.0000000000
26616  -36.556  -58.767  -46.986  0.0000000000
26617  -37.004  -58.800  -46.604  0.0000000000
26622  -3.150  -61.352  -78.905  0.0000000000
26623  -3.504  -61.009  -79.156  0.0000000000
26624  -3.647  -60.655  -79.421  0.0000000000
26625  -34.489  -58.533  -47.861  0.0000000000
26626  -35.099  -58.812  -47.699  0.0000000000
26627  -35.796  -58.827  -47.482  0.0000000000
26628  -36.204  -58.681  -47.295  0.0000000000
26633  -2.542  -62.450  -78.061  0.0000000000
26634  -2.785  -62.165  -78.280  0.0000000000
26635  -2.991  -61.821  -78.544  0.0000000000
26636  -30.538  -58.489  -48.711  0.0000000000
26637  -31.151  -58.533  -48.667  0.0000000000
26638  -31.884  -58.577  -48.618  0.0000000000
26639  -32.643  -58.779  -48.539  0.0000000000
26640  -33.418  -58.854  -48.357  0.0000000000
26641  -34.092  -58.833  -48.121  0.0000000000
26642  -34.606  -59.067  -47.961  0.0000000000
26643  -2.669  -62.731  -77.831  0.0000000000
26644  -3.093  -62.683  -77.854  0.0000000000
26645  -3.893  -62.843  -77.689  0.0000000000
26646  -4.596  -62.943  -77.570  0.0000000000
26647  -5.279  -62.919  -77.546  0.0000000000
26648  -30.904  -59.023  -48.948  0.0000000000
26649  -31.640  -59.067  -48.889  0.0000000000
26650  -32.202  -59.058  -48.774  0.0000000000
28089  -29.520  -57.713  -40.683  0.0000000000
28090  -29.848  -57.749  -40.649  0.0000000000
28091  -30.379  -57.715  -40.685  0.0000000000
28100  6.339  -56.608  -82.191  0.0000000000
28101  -29.503  -57.927  -41.074  0.0000000000
28102  -30.105  -58.120  -41.055  0.0000000000
28103  -30.647  -57.953  -41.276  0.0000000000
28111  5.492  -56.761  -82.146  0.0000000000
28112  -28.679  -58.057  -42.175  0.0000000000
28113  -29.018  -57.887  -41.693  0.0000000000
28114  -30.909  -57.980  -42.025  0.0000000000
28115  -31.180  -57.726  -42.277  0.0000000000
28125  4.702  -56.936  -82.074  0.0000000000
28126  4.171  -57.023  -82.042  0.0000000000
28127  2.197  -56.743  -82.313  0.0000000000
28128  -28.252  -57.915  -42.827  0.0000000000
28129  -31.042  -58.054  -42.651  0.0000000000
28130  -31.294  -57.720  -42.832  0.0000000000
28137  4.060  -57.351  -81.819  0.0000000000
28138  3.578  -57.270  -81.898  0.0000000000
28139  -27.765  -57.890  -43.553  0.0000000000
28140  1.445  -57.191  -82.019  0.0000000000
28141  -31.012  -58.199  -43.287  0.0000000000
28142  -31.339  -57.739  -43.600  0.0000000000
28150  3.394  -57.673  -81.623  0.0000000000
28151  2.856  -57.631  -81.673  0.0000000000
28152  2.212  -57.673  -81.664  0.0000000000
28153  -31.029  -58.229  -44.081  0.0000000000
28154  -31.354  -57.693  -44.362  0.0000000000
28162  -31.075  -57.994  -44.972  0.0000000000
28163  -31.376  -57.570  -44.846  0.0000000000
28169  -30.827  -58.005  -45.750  0.0000000000
28170  -37.222  -58.046  -46.339  0.0000000000
28171  -37.637  -58.000  -45.944  0.0000000000
28176  -30.282  -58.022  -46.855  0.0000000000
28177  -30.600  -57.944  -46.397  0.0000000000
28178  -35.685  -57.716  -47.180  0.0000000000
28179  -36.156  -57.987  -47.068  0.0000000000
28180  -36.788  -58.034  -46.676  0.0000000000
28185  -3.910  -61.489  -78.765  0.0000000000
28186  -29.425  -57.930  -47.725  0.0000000000
28187  -29.898  -58.006  -47.258  0.0000000000
28188  -33.433  -57.705  -47.956  0.0000000000
28189  -34.129  -57.947  -47.813  0.0000000000
28190  -34.850  -58.022  -47.580  0.0000000000
28191  -35.578  -58.162  -47.407  0.0000000000
28192  -35.999  -58.377  -47.368  0.0000000000
28195  -3.246  -62.181  -78.250  0.0000000000
28196  -3.644  -61.929  -78.432  0.0000000000
28197  -4.591  -61.687  -78.573  0.0000000000
28198  -30.095  -57.978  -48.575  0.0000000000
28199  -30.839  -57.929  -48.499  0.0000000000
28200  -31.621  -57.923  -48.431  0.0000000000
28201  -32.395  -58.029  -48.358  0.0000000000
28202  -33.084  -58.177  -48.256  0.0000000000
28203  -33.643  -58.273  -48.127  0.0000000000
28204  -3.148  -62.331  -78.134  0.0000000000
28205  -3.528  -62.357  -78.097  0.0000000000
28206  -4.182  -62.279  -78.127  0.0000000000
28207  -4.761  -62.321  -78.060  0.0000000000
29602  9.746  -55.565  -82.569  0.0000000000
29619  8.735  -55.723  -82.575  0.0000000000
29620  -29.369  -56.852  -40.000  0.0000000000
29621  -29.786  -56.946  -39.891  0.0000000000
29622  -30.370  -56.915  -39.897  0.0000000000
29639  7.416  -55.932  -82.563  0.0000000000
29640  -29.435  -57.282  -40.499  0.0000000000
29641  -30.137  -57.321  -40.302  0.0000000000
29642  -30.884  -57.082  -40.545  0.0000000000
29643  -31.338  -56.756  -40.799  0.0000000000
29659  6.144  -56.152  -82.518  0.0000000000
29660  5.869  -56.029  -82.621  0.0000000000
29661  -28.723  -56.893  -41.555  0.0000000000
29662  -29.067  -57.351  -41.228  0.0000000000
29663  -31.070  -57.464  -41.461  0.0000000000
29664  -31.344  -56.915  -41.301  0.0000000000
29678  5.230  -56.426  -82.394  0.0000000000
29679  5.684  -56.158  -82.547  0.0000000000
29680  -28.555  -57.273  -42.173  0.0000000000
29681  -28.857  -57.344  -41.683  0.0000000000
29682  -31.134  -57.576  -41.925  0.0000000000
29683  -31.368  -57.181  -42.161  0.0000000000
29692  4.609  -56.666  -82.266  0.0000000000
29693  4.034  -56.793  -82.209  0.0000000000
29694  2.297  -56.553  -82.441  0.0000000000
29695  -28.207  -57.151  -42.872  0.0000000000
29696  -31.509  -57.154  -43.088  0.0000000000
29703  3.221  -56.971  -82.121  0.0000000000
29704  2.629  -56.711  -82.322  0.0000000000
29705  -28.022  -57.107  -43.206  0.0000000000
29706  -31.535  -57.154  -43.875  0.0000000000
29714  2.691  -57.388  -81.850  0.0000000000
29715  2.587  -57.206  -81.981  0.0000000000
29716  -31.516  -57.122  -44.597  0.0000000000
29723  -31.072  -57.467  -45.604  0.0000000000
29724  -31.349  -57.160  -45.256  0.0000000000
29734  -30.909  -57.290  -46.190  0.0000000000
29735  -31.185  -56.987  -45.817  0.0000000000
29736  -36.818  -56.881  -46.152  0.0000000000
29737  -37.252  -57.252  -46.097  0.0000000000
29738  -37.853  -57.271  -45.672  0.0000000000
29745  -30.162  -57.620  -47.158  0.0000000000
29746  -30.505  -57.350  -46.903  0.0000000000
29747  -35.008  -56.930  -47.034  0.0000000000
29748  -35.517  -57.194  -46.977  0.0000000000
29749  -36.455  -57.173  -46.537  0.0000000000
29750  -36.996  -57.568  -46.449  0.0000000000
29754  -29.541  -57.514  -47.794  0.0000000000
29755  -29.941  -57.368  -47.585  0.0000000000
29756  -30.503  -56.897  -47.333  0.0000000000
29757  -32.560  -56.925  -47.900  0.0000000000
29758  -32.961  -57.070  -47.860  0.0000000000
29759  -33.773  -57.114  -47.638  0.0000000000
29760  -34.672  -57.144  -47.323  0.0000000000
29761  -35.287  -57.617  -47.299  0.0000000000
29762  -4.728  -61.176  -78.963  0.0000000000
29763  -29.989  -57.304  -48.150  0.0000000000
29764  -30.596  -57.271  -48.329  0.0000000000
29765  -31.360  -57.254  -48.300  0.0000000000
29766  -32.257  -57.173  -48.130  0.0000000000
29767  -32.880  -57.599  -48.120  0.0000000000
31095  10.886  -54.947  -82.839  0.0000000000
31115  9.921  -54.952  -82.957  0.0000000000
31116  -29.557  -56.090  -39.096  0.0000000000
31117  -30.252  -56.135  -39.101  0.0000000000
31118  -30.682  -56.070  -39.180  0.0000000000
31133  8.778  -55.180  -82.934  0.0000000000
31134  -28.771  -56.043  -39.943  0.0000000000
31135  -29.318  -56.458  -39.654  0.0000000000
31136  -30.017  -56.523  -39.502  0.0000000000
31137  -30.832  -56.358  -39.721  0.0000000000
31138  -31.316  -56.016  -39.999  0.0000000000
31139  -36.727  -56.059  -39.912  0.0000000000
31140  -37.373  -56.255  -39.745  0.0000000000
31148  7.944  -55.271  -82.958  0.0000000000
31149  -28.645  -56.155  -40.645  0.0000000000
31150  -29.043  -56.609  -40.229  0.0000000000
31151  -31.038  -56.632  -40.186  0.0000000000
31152  -31.315  -56.343  -40.465  0.0000000000
31153  -35.959  -56.041  -40.759  0.0000000000
31154  -36.580  -56.220  -40.580  0.0000000000
31155  -37.282  -56.318  -40.482  0.0000000000
31164  6.977  -55.507  -82.887  0.0000000000
31165  6.162  -55.662  -82.848  0.0000000000
31166  -28.563  -56.237  -41.363  0.0000000000
31167  -28.891  -56.754  -40.901  0.0000000000
31168  -31.506  -56.322  -41.246  0.0000000000
31169  -35.845  -56.155  -41.445  0.0000000000
31170  -36.498  -56.302  -41.298  0.0000000000
31171  -37.216  -56.384  -41.216  0.0000000000
31179  5.012  -56.322  -82.478  0.0000000000
31180  5.511  -56.042  -82.637  0.0000000000
31181  -28.442  -56.396  -42.042  0.0000000000
31182  -31.542  -56.367  -42.013  0.0000000000
31183  -35.192  -56.008  -42.392  0.0000000000
31184  -35.763  -56.237  -42.163  0.0000000000
31185  -36.449  -56.351  -42.049  0.0000000000
31186  -37.200  -56.400  -42.000  0.0000000000
31187  -38.000  -56.362  -42.000  0.0000000000
31196  4.896  -56.469  -82.385  0.0000000000
31197  4.705  -56.264  -82.536  0.0000000000
31198  -27.878  -56.122  -43.078  0.0000000000
31199  -28.246  -56.560  -42.678  0.0000000000
31200  -31.575  -56.433  -42.841  0.0000000000
31201  -34.996  -56.139  -43.061  0.0000000000
31202  -35.633  -56.302  -42.898  0.0000000000
31203  -36.351  -56.384  -42.816  0.0000000000
31204  -37.155  -56.375  -42.800  0.0000000000
31205  -37.942  -56.314  -42.754  0.0000000000
31214  -27.029  -56.449  -43.332  0.0000000000
31215  -27.520  -56.563  -43.417  0.0000000000
31216  -27.975  -56.736  -43.182  0.0000000000
31217  -31.600  -56.572  -43.499  0.0000000000
31218  -34.337  -55.941  -43.839  0.0000000000
31219  -34.704  -56.177  -43.692  0.0000000000
31220  -35.322  -56.322  -43.635  0.0000000000
31221  -36.073  -56.400  -43.600  0.0000000000
31222  -36.893  -56.375  -43.600  0.0000000000
31223  -37.859  -56.222  -43.609  0.0000000000
31224  -38.398  -56.172  -43.216  0.0000000000
31231  -31.600  -56.452  -44.186  0.0000000000
31232  -34.450  -56.083  -44.072  0.0000000000
31233  -34.815  -56.157  -44.283  0.0000000000
31234  -35.567  -56.339  -44.353  0.0000000000
31235  -36.335  -56.400  -44.400  0.0000000000
31236  -37.140  -56.346  -44.400  0.0000000000
31237  -37.927  -56.248  -44.474  0.0000000000
31246  -31.546  -56.419  -44.959  0.0000000000
31247  -35.023  -56.148  -44.982  0.0000000000
31248  -35.665  -56.335  -45.135  0.0000000000
31249  -36.400  -56.425  -45.213  0.0000000000
31250  -37.186  -56.455  -45.193  0.0000000000
31251  -37.923  -56.672  -45.242  0.0000000000
31261  -31.128  -56.791  -46.141  0.0000000000
31262  -31.368  -56.414  -45.864  0.0000000000
31263  -35.029  -56.171  -45.771  0.0000000000
31264  -35.665  -56.425  -45.947  0.0000000000
31265  -36.448  -56.626  -46.017  0.0000000000
31266  -37.213  -56.712  -45.790  0.0000000000
31267  -37.611  -56.865  -45.747  0.0000000000
31271  -30.956  -56.724  -46.701  0.0000000000
31272  -31.342  -56.167  -46.773  0.0000000000
31273  -34.270  -56.147  -47.007  0.0000000000
31274  -34.811  -56.410  -46.764  0.0000000000
31275  -35.831  -56.704  -46.514  0.0000000000
31276  -36.227  -56.732  -46.455  0.0000000000
31277  -30.303  -56.874  -47.789  0.0000000000
31278  -30.862  -56.558  -47.526  0.0000000000
31279  -31.569  -56.259  -47.540  0.0000000000
31280  -32.360  -56.522  -47.788  0.0000000000
31281  -33.204  -56.451  -47.563  0.0000000000
31282  -34.060  -56.354  -47.276  0.0000000000
31283  -34.550  -56.610  -47.230  0.0000000000
31284  -30.494  -56.833  -48.062  0.0000000000
31285  -31.071  -56.718  -48.068  0.0000000000
31286  -31.796  -56.694  -48.078  0.0000000000
31287  -32.167  -56.707  -48.093  0.0000000000
32608  11.758  -54.372  -83.099  0.0000000000
32609  -29.528  -55.263  -37.462  0.0000000000
32610  -29.853  -55.288  -37.470  0.0000000000
32611  -30.418  -55.278  -37.511  0.0000000000
32612  -36.765  -55.260  -37.385  0.0000000000
32631  11.198  -54.274  -83.240  0.0000000000
32632  -29.534  -55.338  -37.900  0.0000000000
32633  -30.194  -55.521  -38.024  0.0000000000
32634  -30.972  -55.295  -38.019  0.0000000000
32635  -31.444  -55.203  -38.318  0.0000000000
32636  -36.807  -55.355  -37.851  0.0000000000
32648  10.634  -54.246  -83.333  0.0000000000
32649  -28.802  -55.349  -38.996  0.0000000000
32650  -29.189  -55.488  -38.670  0.0000000000
32651  -29.883  -55.762  -38.592  0.0000000000
32652  -30.691  -55.743  -38.800  0.0000000000
32653  -31.356  -55.346  -38.780  0.0000000000
32654  -36.588  -55.366  -38.701  0.0000000000
32655  -37.060  -55.803  -38.521  0.0000000000
32662  9.766  -54.472  -83.291  0.0000000000
32663  -28.585  -55.325  -39.577  0.0000000000
32664  -28.992  -55.827  -39.330  0.0000000000
32665  -30.903  -55.956  -39.295  0.0000000000
32666  -31.322  -55.620  -39.573  0.0000000000
32667  -35.888  -55.274  -39.839  0.0000000000
32668  -36.359  -55.489  -39.478  0.0000000000
32669  -36.916  -55.884  -39.241  0.0000000000
32676  8.815  -54.638  -83.289  0.0000000000
32677  -28.496  -55.490  -40.416  0.0000000000
32678  -31.526  -55.554  -40.433  0.0000000000
32679  -35.162  -55.208  -40.748  0.0000000000
32680  -35.627  -55.535  -40.427  0.0000000000
32681  -36.171  -55.814  -40.157  0.0000000000
32689  7.810  -54.910  -83.210  0.0000000000
32690  6.828  -55.043  -83.208  0.0000000000
32691  -28.435  -55.551  -41.188  0.0000000000
32692  -31.562  -55.600  -41.200  0.0000000000
32693  -34.998  -55.388  -41.384  0.0000000000
32694  -35.453  -55.747  -41.053  0.0000000000
32699  5.925  -55.276  -83.123  0.0000000000
32700  -28.320  -55.665  -41.906  0.0000000000
32701  -31.600  -55.600  -42.000  0.0000000000
32702  -34.865  -55.535  -42.065  0.0000000000
32703  -35.322  -55.878  -41.722  0.0000000000
32708  5.264  -55.642  -82.923  0.0000000000
32709  -27.747  -55.453  -42.947  0.0000000000
32710  -28.155  -55.845  -42.555  0.0000000000
32711  -31.600  -55.614  -42.814  0.0000000000
32712  -34.294  -55.306  -43.094  0.0000000000
32713  -34.718  -55.682  -42.718  0.0000000000
32721  -26.997  -55.727  -43.179  0.0000000000
32722  -27.420  -55.845  -43.290  0.0000000000
32723  -31.600  -55.758  -43.696  0.0000000000
32724  -34.152  -55.441  -43.740  0.0000000000
32725  -34.512  -55.837  -43.344  0.0000000000
32726  -38.333  -55.984  -44.002  0.0000000000
32735  -31.600  -55.789  -44.513  0.0000000000
32736  -34.239  -55.619  -44.418  0.0000000000
32737  -34.557  -55.854  -44.850  0.0000000000
32738  -38.382  -56.043  -44.296  0.0000000000
32749  -31.575  -55.633  -45.221  0.0000000000
32750  -34.200  -55.439  -45.241  0.0000000000
32751  -34.599  -55.801  -45.486  0.0000000000
32759  -31.594  -55.567  -46.045  0.0000000000
32760  -34.158  -55.452  -45.985  0.0000000000
32761  -34.543  -55.867  -46.242  0.0000000000
32764  -31.766  -55.591  -46.797  0.0000000000
32765  -32.256  -55.455  -46.968  0.0000000000
32766  -32.971  -55.446  -46.973  0.0000000000
32767  -33.968  -55.723  -46.802  0.0000000000
32768  -34.493  -55.924  -46.624  0.0000000000
32769  -32.053  -55.891  -47.329  0.0000000000
32770  -32.674  -55.878  -47.368  0.0000000000
32771  -33.444  -55.888  -47.285  0.0000000000
32772  -33.827  -55.904  -47.250  0.0000000000
34048  -36.737  -54.309  -35.925  0.0000000000
34063  -29.520  -54.513  -36.754  0.0000000000
34064  -29.856  -54.538  -36.700  0.0000000000
34065  -30.512  -54.578  -36.650  0.0000000000
34066  -31.079  -54.522  -36.711  0.0000000000
34067  -36.790  -54.629  -36.325  0.0000000000
34083  12.494  -53.989  -83.241  0.0000000000
34084  12.061  -53.976  -83.313  0.0000000000
34085  -29.487  -54.797  -37.217  0.0000000000
34086  -30.155  -54.965  -37.063  0.0000000000
34087  -30.862  -54.920  -37.227  0.0000000000
34088  -31.477  -54.637  -37.181  0.0000000000
34089  -31.972  -54.495  -37.450  0.0000000000
34090  -36.721  -54.865  -37.122  0.0000000000
34091  -37.010  -55.070  -36.930  0.0000000000
34105  13.327  -53.647  -83.333  0.0000000000
34106  12.803  -53.540  -83.484  0.0000000000
34107  12.141  -53.657  -83.508  0.0000000000
34108  -28.694  -54.550  -38.268  0.0000000000
34109  -28.973  -54.730  -38.061  0.0000000000
34110  -31.220  -54.979  -37.596  0.0000000000
34111  -31.580  -54.913  -37.892  0.0000000000
34112  -32.104  -54.529  -37.991  0.0000000000
34113  -36.476  -54.739  -38.051  0.0000000000
34126  11.471  -53.760  -83.536  0.0000000000
34127  -28.640  -54.747  -38.764  0.0000000000
34128  -28.884  -55.095  -38.640  0.0000000000
34129  -31.773  -54.979  -38.538  0.0000000000
34130  -32.139  -54.539  -38.735  0.0000000000
34131  -35.890  -54.530  -39.095  0.0000000000
34132  -36.160  -54.678  -38.902  0.0000000000
34143  10.689  -53.879  -83.563  0.0000000000
34144  -28.446  -54.633  -39.452  0.0000000000
34145  -31.783  -54.996  -39.293  0.0000000000
34146  -32.126  -54.482  -39.517  0.0000000000
34147  -35.781  -54.662  -39.459  0.0000000000
34148  -36.077  -55.059  -39.433  0.0000000000
34160  9.895  -53.885  -83.657  0.0000000000
34161  -28.414  -54.771  -40.106  0.0000000000
34162  -31.796  -54.802  -40.242  0.0000000000
34163  -32.100  -54.332  -40.101  0.0000000000
34164  -35.035  -54.747  -40.551  0.0000000000
34165  -35.395  -54.744  -40.164  0.0000000000
34177  8.696  -54.226  -83.570  0.0000000000
34178  7.668  -54.494  -83.496  0.0000000000
34179  -28.386  -54.800  -40.878  0.0000000000
34180  -31.654  -54.814  -41.126  0.0000000000
34181  -34.397  -54.451  -41.563  0.0000000000
34182  -34.790  -54.724  -41.071  0.0000000000
34191  6.595  -54.603  -83.517  0.0000000000
34192  -27.883  -54.456  -42.283  0.0000000000
34193  -28.250  -54.787  -41.721  0.0000000000
34194  -31.600  -54.786  -41.953  0.0000000000
34195  -34.273  -54.569  -42.184  0.0000000000
34196  -34.606  -54.980  -41.792  0.0000000000
34203  5.628  -54.791  -83.464  0.0000000000
34204  -27.596  -54.829  -42.758  0.0000000000
34205  -28.043  -55.143  -42.429  0.0000000000
34206  -31.571  -54.786  -42.771  0.0000000000
34207  -34.118  -54.667  -42.871  0.0000000000
34208  -34.473  -55.127  -42.473  0.0000000000
34215  5.099  -55.419  -83.083  0.0000000000
34216  -27.302  -55.238  -43.130  0.0000000000
34217  -31.546  -54.829  -43.602  0.0000000000
34218  -33.631  -54.374  -43.903  0.0000000000
34219  -33.946  -54.814  -43.544  0.0000000000
34228  -31.611  -54.942  -44.559  0.0000000000
34229  -33.589  -54.411  -44.273  0.0000000000
34230  -33.810  -54.823  -44.289  0.0000000000
34238  -31.699  -54.860  -45.455  0.0000000000
34239  -33.461  -54.524  -45.447  0.0000000000
34240  -33.869  -54.943  -45.024  0.0000000000
34245  -31.961  -54.897  -46.144  0.0000000000
34246  -32.634  -54.669  -46.156  0.0000000000
34247  -33.293  -54.740  -46.041  0.0000000000
34248  -33.815  -54.985  -45.731  0.0000000000
34249  -32.012  -55.184  -46.644  0.0000000000
34250  -32.451  -55.042  -46.607  0.0000000000
34251  -33.178  -55.060  -46.540  0.0000000000
34252  -33.708  -55.141  -46.287  0.0000000000
35591  17.856  -46.359  -86.787  0.0000000000
35592  17.435  -46.541  -86.775  0.0000000000
35593  -30.413  -53.624  -35.935  0.0000000000
35594  -31.116  -53.751  -35.852  0.0000000000
35595  -31.844  -53.725  -35.893  0.0000000000
35596  -32.289  -53.628  -35.930  0.0000000000
35597  -36.661  -53.786  -35.794  0.0000000000
35613  17.591  -46.858  -86.573  0.0000000000
35614  -29.478  -53.974  -36.692  0.0000000000
35615  -30.114  -54.049  -36.351  0.0000000000
35616  -30.794  -54.154  -36.275  0.0000000000
35617  -31.521  -54.149  -36.429  0.0000000000
35618  -32.336  -53.805  -36.431  0.0000000000
35619  -32.766  -53.708  -36.736  0.0000000000
35620  -36.525  -54.027  -36.519  0.0000000000
35634  17.346  -47.254  -86.407  0.0000000000
35635  -28.655  -53.632  -37.613  0.0000000000
35636  -28.981  -53.996  -37.424  0.0000000000
35637  -31.979  -54.237  -36.933  0.0000000000
35638  -32.503  -53.938  -37.250  0.0000000000
35639  -32.904  -53.584  -36.916  0.0000000000
35640  -36.434  -54.026  -37.431  0.0000000000
35655  14.021  -52.999  -83.633  0.0000000000
35656  13.672  -52.791  -83.822  0.0000000000
35657  12.873  -53.131  -83.734  0.0000000000
35658  12.162  -53.317  -83.722  0.0000000000
35659  -28.647  -54.048  -38.114  0.0000000000
35660  -28.883  -54.250  -37.834  0.0000000000
35661  -32.428  -54.005  -38.090  0.0000000000
35662  -36.311  -53.970  -38.205  0.0000000000
35673  14.534  -52.403  -83.921  0.0000000000
35674  14.153  -52.287  -84.058  0.0000000000
35675  11.673  -53.368  -83.759  0.0000000000
35676  -28.460  -54.026  -39.013  0.0000000000
35677  -32.382  -53.967  -38.861  0.0000000000
35678  -35.809  -54.048  -39.142  0.0000000000
35679  -36.120  -53.848  -38.708  0.0000000000
35687  11.113  -53.360  -83.840  0.0000000000
35688  -28.400  -54.150  -39.717  0.0000000000
35689  -32.315  -53.896  -39.623  0.0000000000
35690  -35.129  -53.856  -39.960  0.0000000000
35691  -35.372  -54.047  -39.786  0.0000000000
35699  10.536  -53.344  -83.925  0.0000000000
35700  -28.386  -54.033  -40.339  0.0000000000
35701  -31.966  -54.304  -40.481  0.0000000000
35702  -32.173  -53.840  -40.385  0.0000000000
35703  -35.047  -54.145  -40.356  0.0000000000
35704  -35.277  -54.270  -40.108  0.0000000000
35712  9.464  -53.565  -83.912  0.0000000000
35713  8.480  -53.948  -83.772  0.0000000000
35714  -28.296  -54.018  -41.110  0.0000000000
35715  -31.854  -54.102  -40.959  0.0000000000
35716  -32.078  -53.528  -40.921  0.0000000000
35717  -34.319  -54.189  -41.486  0.0000000000
35718  -34.620  -53.985  -41.214  0.0000000000
35726  8.644  -53.609  -83.972  0.0000000000
35727  7.697  -53.999  -83.814  0.0000000000
35728  -27.797  -53.929  -42.201  0.0000000000
35729  -28.064  -53.893  -41.783  0.0000000000
35730  -31.657  -54.014  -41.771  0.0000000000
35731  -34.298  -54.059  -41.852  0.0000000000
35732  -34.552  -53.574  -41.729  0.0000000000
35739  -26.970  -53.862  -42.716  0.0000000000
35740  -27.494  -54.022  -42.648  0.0000000000
35741  -31.526  -53.927  -42.649  0.0000000000
35742  -34.112  -54.029  -42.594  0.0000000000
35749  -27.117  -53.547  -43.237  0.0000000000
35750  -27.282  -53.637  -43.096  0.0000000000
35751  -31.165  -53.636  -43.922  0.0000000000
35752  -31.399  -53.994  -43.452  0.0000000000
35753  -33.526  -53.804  -43.786  0.0000000000
35754  -33.821  -54.053  -43.304  0.0000000000
35762  -31.185  -53.563  -44.222  0.0000000000
35763  -31.482  -53.976  -44.295  0.0000000000
35764  -33.410  -53.974  -44.363  0.0000000000
35765  -33.611  -54.389  -44.456  0.0000000000
35772  -31.924  -54.102  -45.121  0.0000000000
35773  -32.572  -53.884  -45.310  0.0000000000
35774  -33.135  -53.942  -45.064  0.0000000000
35775  -33.595  -54.391  -44.824  0.0000000000
35780  -31.853  -54.430  -45.652  0.0000000000
35781  -32.254  -54.291  -45.735  0.0000000000
35782  -32.906  -54.280  -45.692  0.0000000000
37055  -30.946  -52.770  -35.106  0.0000000000
37056  -31.345  -52.926  -35.035  0.0000000000
37057  -32.049  -52.995  -35.020  0.0000000000
37058  -32.628  -52.884  -35.109  0.0000000000
37059  -36.698  -52.909  -35.254  0.0000000000
37060  -36.950  -53.106  -34.924  0.0000000000
37077  17.306  -46.111  -87.030  0.0000000000
37078  16.545  -46.255  -87.102  0.0000000000
37079  -30.249  -53.151  -35.812  0.0000000000
37080  -30.796  -53.112  -35.503  0.0000000000
37081  -31.587  -53.359  -35.430  0.0000000000
37082  -32.335  -53.328  -35.539  0.0000000000
37083  -32.910  -52.967  -35.616  0.0000000000
37084  -36.664  -53.207  -35.506  0.0000000000
37085  -36.894  -53.617  -35.287  0.0000000000
37100  16.952  -46.871  -86.693  0.0000000000
37101  16.198  -46.882  -86.832  0.0000000000
37102  -29.429  -53.220  -36.563  0.0000000000
37103  -29.872  -53.182  -36.209  0.0000000000
37104  -32.605  -53.423  -35.983  0.0000000000
37105  -33.014  -53.151  -36.489  0.0000000000
37106  -36.527  -53.257  -36.184  0.0000000000
37121  16.917  -47.760  -86.214  0.0000000000
37122  16.442  -47.350  -86.531  0.0000000000
37123  -28.770  -53.192  -37.363  0.0000000000
37124  -29.156  -53.214  -36.925  0.0000000000
37125  -32.704  -53.511  -37.721  0.0000000000
37126  -32.972  -53.165  -37.333  0.0000000000
37127  -36.465  -53.280  -36.986  0.0000000000
37138  16.909  -48.495  -85.804  0.0000000000
37139  13.229  -52.677  -83.965  0.0000000000
37140  12.699  -52.939  -83.882  0.0000000000
37141  12.257  -53.089  -83.853  0.0000000000
37142  -28.570  -53.191  -37.862  0.0000000000
37143  -32.624  -53.429  -38.309  0.0000000000
37144  -32.907  -52.988  -38.050  0.0000000000
37145  -36.442  -53.220  -37.780  0.0000000000
37152  16.932  -49.080  -85.466  0.0000000000
37153  14.449  -51.983  -84.196  0.0000000000
37154  13.849  -52.074  -84.240  0.0000000000
37155  13.045  -52.452  -84.135  0.0000000000
37156  12.209  -52.859  -84.005  0.0000000000
37157  -28.460  -53.213  -38.594  0.0000000000
37158  -32.566  -53.229  -39.070  0.0000000000
37159  -32.798  -52.952  -38.586  0.0000000000
37160  -35.961  -53.233  -38.948  0.0000000000
37161  -36.277  -53.168  -38.445  0.0000000000
37168  15.175  -51.568  -84.324  0.0000000000
37169  14.494  -51.622  -84.410  0.0000000000
37170  11.360  -52.891  -84.104  0.0000000000
37171  11.422  -52.797  -84.155  0.0000000000
37172  -28.387  -53.329  -39.561  0.0000000000
37173  -32.414  -53.186  -39.876  0.0000000000
37174  -35.202  -53.575  -40.006  0.0000000000
37175  -35.586  -53.293  -39.530  0.0000000000
37184  10.631  -53.013  -84.122  0.0000000000
37185  11.252  -52.814  -84.167  0.0000000000
37186  -28.032  -52.942  -40.794  0.0000000000
37187  -28.276  -53.208  -40.472  0.0000000000
37188  -32.279  -53.110  -40.555  0.0000000000
37189  -35.064  -53.451  -40.623  0.0000000000
37190  -35.420  -53.053  -40.154  0.0000000000
37198  9.417  -53.166  -84.170  0.0000000000
37199  -27.911  -53.002  -41.262  0.0000000000
37200  -28.126  -53.399  -41.164  0.0000000000
37201  -31.804  -53.258  -41.466  0.0000000000
37202  -32.116  -52.994  -41.050  0.0000000000
37203  -34.952  -53.160  -41.307  0.0000000000
37204  -35.348  -52.927  -40.762  0.0000000000
37210  8.404  -53.361  -84.154  0.0000000000
37211  7.561  -53.543  -84.119  0.0000000000
37212  -27.700  -53.205  -42.076  0.0000000000
37213  -27.988  -53.372  -41.592  0.0000000000
37214  -31.532  -53.257  -42.223  0.0000000000
37215  -34.325  -53.482  -42.283  0.0000000000
37216  -34.688  -52.962  -42.000  0.0000000000
37224  7.078  -53.584  -84.135  0.0000000000
37225  -27.455  -53.253  -42.928  0.0000000000
37226  -31.174  -52.896  -42.908  0.0000000000
37227  -31.362  -53.243  -42.863  0.0000000000
37228  -34.006  -53.262  -42.936  0.0000000000
37229  -34.338  -52.913  -42.571  0.0000000000
37238  -27.036  -53.224  -43.117  0.0000000000
37239  -27.266  -53.200  -43.289  0.0000000000
37240  -31.129  -53.170  -43.383  0.0000000000
37241  -31.376  -53.564  -43.163  0.0000000000
37242  -33.284  -53.227  -43.962  0.0000000000
37243  -33.625  -53.241  -43.477  0.0000000000
37250  -31.057  -53.116  -43.999  0.0000000000
37251  -31.452  -53.165  -44.366  0.0000000000
37252  -32.156  -53.042  -44.553  0.0000000000
37253  -32.883  -53.285  -44.536  0.0000000000
37258  -31.854  -53.511  -44.735  0.0000000000
37259  -32.392  -53.480  -44.949  0.0000000000
37260  -32.808  -53.564  -45.024  0.0000000000
38514  -31.355  -52.072  -34.311  0.0000000000
38515  -31.904  -52.166  -34.205  0.0000000000
38516  -32.600  -52.151  -34.287  0.0000000000
38517  -33.027  -52.059  -34.421  0.0000000000
38518  0.000  0.000  0.000  0.0000000000
38531  16.070  -45.786  -87.438  0.0000000000
38532  15.508  -45.440  -87.720  0.0000000000
38533  -31.063  -52.328  -34.770  0.0000000000
38534  -31.653  -52.558  -34.628  0.0000000000
38535  -32.350  -52.558  -34.655  0.0000000000
38536  -33.014  -52.369  -34.924  0.0000000000
38537  -36.822  -52.653  -35.126  0.0000000000
38538  0.000  0.000  0.000  0.0000000000
38552  15.898  -46.444  -87.122  0.0000000000
38553  15.450  -46.137  -87.365  0.0000000000
38554  -30.245  -52.529  -35.705  0.0000000000
38555  -30.678  -52.423  -35.221  0.0000000000
38556  -33.427  -52.358  -35.811  0.0000000000
38557  -33.776  -51.970  -35.954  0.0000000000
38558  -36.695  -52.702  -35.714  0.0000000000
38559  -36.978  -52.187  -35.395  0.0000000000
38571  15.651  -46.943  -86.899  0.0000000000
38572  15.504  -46.623  -87.097  0.0000000000
38573  -29.440  -52.496  -36.552  0.0000000000
38574  -29.860  -52.278  -36.125  0.0000000000
38575  -33.441  -52.473  -36.554  0.0000000000
38576  -33.710  -52.074  -36.407  0.0000000000
38577  -36.657  -52.671  -36.578  0.0000000000
38578  -36.963  -52.149  -36.167  0.0000000000
38590  16.243  -47.778  -86.333  0.0000000000
38591  15.895  -47.505  -86.548  0.0000000000
38592  -28.720  -52.652  -37.594  0.0000000000
38593  -29.055  -52.412  -37.155  0.0000000000
38594  -33.324  -52.423  -37.204  0.0000000000
38595  -33.580  -52.126  -36.923  0.0000000000
38596  -36.649  -52.610  -37.364  0.0000000000
38597  -36.995  -52.166  -36.929  0.0000000000
38603  16.143  -48.322  -86.049  0.0000000000
38604  15.927  -47.954  -86.294  0.0000000000
38605  -28.574  -52.286  -38.189  0.0000000000
38606  -28.872  -52.119  -37.632  0.0000000000
38607  -33.175  -52.398  -37.958  0.0000000000
38608  -36.596  -52.364  -38.123  0.0000000000
38609  -36.942  -52.142  -37.563  0.0000000000
38614  16.299  -48.940  -85.669  0.0000000000
38615  14.143  -51.354  -84.633  0.0000000000
38616  13.541  -51.783  -84.470  0.0000000000
38617  12.843  -52.199  -84.323  0.0000000000
38618  -28.425  -52.421  -39.053  0.0000000000
38619  -32.787  -52.641  -38.998  0.0000000000
38620  -32.999  -52.474  -38.598  0.0000000000
38621  -35.890  -52.722  -39.308  0.0000000000
38622  -36.279  -52.454  -38.912  0.0000000000
38626  16.452  -49.383  -85.385  0.0000000000
38627  15.366  -50.821  -84.742  0.0000000000
38628  14.732  -51.072  -84.703  0.0000000000
38629  12.030  -52.534  -84.235  0.0000000000
38630  11.531  -52.718  -84.189  0.0000000000
38631  -28.348  -52.433  -39.853  0.0000000000
38632  -32.633  -52.404  -39.504  0.0000000000
38633  -32.920  -52.152  -39.092  0.0000000000
38634  -35.733  -52.722  -39.767  0.0000000000
38635  -36.145  -52.299  -39.763  0.0000000000
38639  16.324  -49.821  -85.155  0.0000000000
38640  16.166  -50.251  -84.932  0.0000000000
38641  15.844  -50.570  -84.804  0.0000000000
38642  11.441  -52.627  -84.258  0.0000000000
38643  11.399  -52.719  -84.207  0.0000000000
38644  -27.900  -52.685  -40.891  0.0000000000
38645  -28.117  -52.359  -40.621  0.0000000000
38646  -32.431  -52.419  -40.179  0.0000000000
38647  -35.724  -52.567  -40.387  0.0000000000
38648  -36.105  -52.141  -40.619  0.0000000000
38654  10.448  -52.724  -84.327  0.0000000000
38655  -27.777  -52.378  -41.333  0.0000000000
38656  -28.012  -52.023  -41.028  0.0000000000
38657  -31.917  -52.400  -41.302  0.0000000000
38658  -32.237  -52.367  -40.777  0.0000000000
38659  -35.037  -52.724  -41.619  0.0000000000
38660  -35.534  -52.367  -41.263  0.0000000000
38661  -36.020  -52.050  -41.084  0.0000000000
38669  9.202  -52.846  -84.395  0.0000000000
38670  8.161  -52.941  -84.443  0.0000000000
38671  -27.284  -52.342  -42.069  0.0000000000
38672  -31.147  -51.996  -42.185  0.0000000000
38673  -31.470  -52.424  -41.958  0.0000000000
38674  -34.983  -52.262  -41.972  0.0000000000
38675  -35.346  -51.996  -41.792  0.0000000000
38683  7.301  -53.294  -84.300  0.0000000000
38684  -27.382  -52.774  -42.760  0.0000000000
38685  -31.062  -52.373  -42.741  0.0000000000
38686  -31.304  -52.813  -42.543  0.0000000000
38687  -33.361  -52.069  -43.160  0.0000000000
38688  -33.890  -52.370  -42.976  0.0000000000
38689  -34.500  -52.319  -42.477  0.0000000000
38697  -27.197  -52.853  -43.143  0.0000000000
38698  -27.374  -52.883  -43.186  0.0000000000
38699  -30.951  -52.400  -43.538  0.0000000000
38700  -31.751  -52.024  -43.934  0.0000000000
38701  -32.250  -52.126  -43.835  0.0000000000
38702  -33.141  -52.453  -43.553  0.0000000000
38703  -33.742  -52.784  -43.269  0.0000000000
38709  -31.145  -52.446  -44.081  0.0000000000
38710  -31.700  -52.404  -44.187  0.0000000000
38711  -32.548  -52.642  -44.158  0.0000000000
38712  -33.023  -52.830  -44.074  0.0000000000
39995  -32.050  -51.357  -33.455  0.0000000000
39996  -32.691  -51.359  -33.438  0.0000000000
39997  -33.362  -51.253  -33.527  0.0000000000
39998  -33.739  -51.125  -33.607  0.0000000000
39999  0.000  0.000  0.000  0.0000000000
40000  0.000  0.000  0.000  0.0000000000
40016  14.775  -44.849  -88.149  0.0000000000
40017  14.291  -44.617  -88.346  0.0000000000
40018  13.692  -44.338  -88.582  0.0000000000
40019  13.040  -44.094  -88.801  0.0000000000
40020  12.343  -43.981  -88.957  0.0000000000
40021  11.674  -43.931  -89.072  0.0000000000
40022  11.078  -43.892  -89.167  0.0000000000
40023  -31.000  -51.571  -34.294  0.0000000000
40024  -31.572  -51.583  -33.870  0.0000000000
40025  -32.267  -51.751  -33.846  0.0000000000
40026  -33.086  -51.703  -34.072  0.0000000000
40027  -33.687  -51.284  -34.031  0.0000000000
40028  0.000  0.000  0.000  0.0000000000
40043  14.827  -45.303  -87.908  0.0000000000
40044  14.178  -45.260  -88.037  0.0000000000
40045  13.395  -45.075  -88.254  0.0000000000
40046  12.717  -44.721  -88.534  0.0000000000
40047  11.959  -44.566  -88.718  0.0000000000
40048  11.308  -44.496  -88.838  0.0000000000
40049  10.660  -44.531  -88.901  0.0000000000
40050  -30.276  -51.372  -35.141  0.0000000000
40051  -30.664  -51.763  -34.883  0.0000000000
40052  -33.272  -51.913  -34.646  0.0000000000
40053  -33.591  -51.553  -34.695  0.0000000000
40054  -37.178  -51.572  -35.015  0.0000000000
40068  14.798  -45.896  -87.605  0.0000000000
40069  14.459  -45.558  -87.838  0.0000000000
40070  12.816  -45.437  -88.155  0.0000000000
40071  12.401  -45.268  -88.301  0.0000000000
40072  11.667  -45.111  -88.481  0.0000000000
40073  10.905  -45.042  -88.613  0.0000000000
40074  10.589  -44.892  -88.728  0.0000000000
40075  -30.033  -51.653  -35.745  0.0000000000
40076  -30.419  -51.890  -35.375  0.0000000000
40077  -33.458  -51.937  -35.139  0.0000000000
40078  -33.779  -51.579  -35.471  0.0000000000
40079  -37.212  -51.580  -35.784  0.0000000000
40088  15.382  -46.870  -86.986  0.0000000000
40089  15.027  -46.720  -87.129  0.0000000000
40090  -29.263  -51.676  -36.776  0.0000000000
40091  -29.624  -51.662  -36.266  0.0000000000
40092  -33.891  -51.507  -36.204  0.0000000000
40093  -37.374  -51.578  -36.485  0.0000000000
40094  -37.775  -51.347  -36.835  0.0000000000
40100  15.377  -47.307  -86.750  0.0000000000
40101  14.888  -47.562  -86.696  0.0000000000
40102  -29.030  -51.633  -37.333  0.0000000000
40103  -33.542  -51.931  -37.285  0.0000000000
40104  -33.780  -51.545  -37.059  0.0000000000
40105  -37.368  -51.749  -37.196  0.0000000000
40106  -37.962  -51.399  -37.363  0.0000000000
40107  -38.477  -51.256  -37.709  0.0000000000
40111  15.747  -48.465  -86.042  0.0000000000
40112  15.387  -48.282  -86.209  0.0000000000
40113  14.817  -48.137  -86.390  0.0000000000
40114  -28.561  -51.430  -38.267  0.0000000000
40115  -28.805  -51.568  -37.837  0.0000000000
40116  -33.480  -51.611  -37.789  0.0000000000
40117  -33.757  -51.216  -37.586  0.0000000000
40118  -36.729  -51.929  -38.237  0.0000000000
40119  -37.164  -51.809  -37.983  0.0000000000
40120  -37.917  -51.526  -38.104  0.0000000000
40121  -38.556  -51.350  -38.287  0.0000000000
40125  15.743  -48.794  -85.856  0.0000000000
40126  15.277  -49.218  -85.698  0.0000000000
40127  14.061  -51.129  -84.782  0.0000000000
40128  13.887  -51.300  -84.708  0.0000000000
40129  13.284  -51.677  -84.576  0.0000000000
40130  -28.444  -51.602  -38.830  0.0000000000
40131  -33.163  -51.681  -38.647  0.0000000000
40132  -36.707  -51.935  -38.574  0.0000000000
40133  -37.253  -51.691  -38.735  0.0000000000
40134  -37.967  -51.524  -38.847  0.0000000000
40135  -38.741  -51.355  -38.922  0.0000000000
40136  -39.147  -51.290  -39.121  0.0000000000
40139  15.824  -49.463  -85.458  0.0000000000
40140  15.277  -49.867  -85.323  0.0000000000
40141  14.979  -50.378  -85.074  0.0000000000
40142  14.211  -50.777  -84.969  0.0000000000
40143  13.480  -51.241  -84.810  0.0000000000
40144  12.562  -51.920  -84.537  0.0000000000
40145  -28.400  -51.772  -39.466  0.0000000000
40146  -32.572  -51.756  -39.873  0.0000000000
40147  -32.863  -51.479  -39.383  0.0000000000
40148  -36.655  -51.898  -39.302  0.0000000000
40149  -37.265  -51.637  -39.535  0.0000000000
40150  -38.010  -51.414  -39.593  0.0000000000
40151  -38.798  -51.298  -39.442  0.0000000000
40152  -39.277  -51.130  -39.356  0.0000000000
40158  15.791  -49.971  -85.168  0.0000000000
40159  15.560  -50.274  -85.032  0.0000000000
40160  15.437  -50.485  -84.929  0.0000000000
40161  11.496  -52.192  -84.521  0.0000000000
40162  -28.319  -51.619  -40.121  0.0000000000
40163  -32.388  -51.619  -40.403  0.0000000000
40164  -36.618  -51.830  -40.142  0.0000000000
40165  -37.205  -51.456  -40.338  0.0000000000
40166  -37.820  -51.198  -40.203  0.0000000000
40173  10.257  -52.395  -84.555  0.0000000000
40174  9.342  -52.320  -84.707  0.0000000000
40175  -27.865  -51.700  -41.237  0.0000000000
40176  -28.105  -51.495  -40.813  0.0000000000
40177  -31.728  -51.722  -41.493  0.0000000000
40178  -32.121  -51.504  -41.022  0.0000000000
40179  -35.941  -51.936  -41.305  0.0000000000
40180  -36.409  -51.640  -41.061  0.0000000000
40181  -37.018  -51.215  -41.005  0.0000000000
40189  -26.432  -51.852  -41.663  0.0000000000
40190  -26.892  -51.527  -41.822  0.0000000000
40191  -27.515  -51.592  -41.629  0.0000000000
40192  -31.008  -51.540  -42.390  0.0000000000
40193  -31.367  -51.464  -41.888  0.0000000000
40194  -35.126  -51.540  -42.059  0.0000000000
40195  -35.762  -51.573  -41.669  0.0000000000
40196  -36.272  -51.301  -41.595  0.0000000000
40204  -30.896  -51.600  -43.041  0.0000000000
40205  -32.853  -51.333  -43.085  0.0000000000
40206  -33.439  -51.560  -42.936  0.0000000000
40207  -34.170  -51.646  -42.710  0.0000000000
40208  -34.676  -51.631  -42.407  0.0000000000
40215  -31.137  -51.665  -43.708  0.0000000000
40216  -31.757  -51.565  -43.714  0.0000000000
40217  -32.497  -51.571  -43.428  0.0000000000
40218  -33.032  -51.813  -43.214  0.0000000000
40223  -31.247  -52.037  -44.082  0.0000000000
40224  -31.461  -51.911  -43.977  0.0000000000
41575  9.856  -43.313  -89.592  0.0000000000
41576  8.883  -43.722  -89.496  0.0000000000
41577  7.836  -44.072  -89.422  0.0000000000
41578  6.926  -44.271  -89.399  0.0000000000
41579  6.150  -44.394  -89.394  0.0000000000
41602  10.187  -43.556  -89.438  0.0000000000
41603  9.168  -44.013  -89.324  0.0000000000
41604  8.111  -44.432  -89.219  0.0000000000
41605  6.920  -44.937  -89.066  0.0000000000
41606  6.056  -44.940  -89.128  0.0000000000
41607  5.266  -44.954  -89.170  0.0000000000
41608  4.408  -45.267  -89.059  0.0000000000
41609  0.000  0.000  0.000  0.0000000000
41610  0.000  0.000  0.000  0.0000000000
41625  10.552  -43.797  -89.277  0.0000000000
41626  9.559  -44.250  -89.166  0.0000000000
41627  8.513  -44.740  -89.027  0.0000000000
41628  7.491  -45.222  -88.875  0.0000000000
41629  -31.236  -51.220  -33.846  0.0000000000
41630  -33.921  -50.723  -33.825  0.0000000000
41631  0.000  0.000  0.000  0.0000000000
41644  13.959  -45.482  -87.958  0.0000000000
41645  13.737  -45.483  -87.992  0.0000000000
41646  10.004  -44.499  -88.993  0.0000000000
41647  9.002  -45.015  -88.840  0.0000000000
41648  8.056  -45.509  -88.680  0.0000000000
41649  -30.560  -51.245  -34.615  0.0000000000
41650  -33.965  -50.886  -34.710  0.0000000000
41651  -19.503  -58.049  -79.056  0.0000000000
41662  14.411  -46.430  -87.387  0.0000000000
41663  13.955  -45.828  -87.779  0.0000000000
41664  13.095  -45.721  -87.966  0.0000000000
41665  12.227  -45.739  -88.082  0.0000000000
41666  11.429  -45.642  -88.239  0.0000000000
41667  10.535  -45.620  -88.362  0.0000000000
41668  9.726  -45.331  -88.603  0.0000000000
41669  8.581  -45.723  -88.520  0.0000000000
41670  -29.912  -51.115  -35.468  0.0000000000
41671  -34.049  -50.745  -35.733  0.0000000000
41672  -37.429  -50.884  -35.505  0.0000000000
41673  -37.665  -50.480  -35.710  0.0000000000
41682  14.423  -47.096  -87.029  0.0000000000
41683  13.827  -46.730  -87.322  0.0000000000
41684  13.222  -46.325  -87.631  0.0000000000
41685  12.331  -46.270  -87.790  0.0000000000
41686  11.345  -46.135  -87.994  0.0000000000
41687  10.291  -46.217  -88.080  0.0000000000
41688  9.401  -46.172  -88.203  0.0000000000
41689  8.487  -46.304  -88.227  0.0000000000
41690  -29.664  -51.189  -35.909  0.0000000000
41691  -33.989  -50.786  -36.663  0.0000000000
41692  -37.453  -51.184  -36.049  0.0000000000
41693  -37.900  -50.776  -36.293  0.0000000000
41694  -38.433  -50.416  -36.571  0.0000000000
41700  14.422  -47.889  -86.595  0.0000000000
41701  14.029  -47.392  -86.932  0.0000000000
41702  12.035  -46.573  -87.671  0.0000000000
41703  11.486  -46.558  -87.752  0.0000000000
41704  10.429  -46.663  -87.828  0.0000000000
41705  9.232  -46.918  -87.827  0.0000000000
41706  8.465  -46.873  -87.928  0.0000000000
41707  -33.888  -50.754  -37.419  0.0000000000
41708  -38.110  -51.091  -36.887  0.0000000000
41709  -38.696  -50.762  -37.161  0.0000000000
41710  -39.265  -50.444  -37.328  0.0000000000
41714  14.887  -49.093  -85.838  0.0000000000
41715  14.612  -48.692  -86.114  0.0000000000
41716  -28.506  -50.863  -37.868  0.0000000000
41717  -28.812  -51.120  -37.498  0.0000000000
41718  -33.391  -50.852  -38.407  0.0000000000
41719  -33.683  -50.792  -37.918  0.0000000000
41720  -38.992  -51.045  -38.032  0.0000000000
41721  -39.573  -50.599  -37.910  0.0000000000
41722  -40.080  -50.409  -38.124  0.0000000000
41727  14.857  -49.608  -85.547  0.0000000000
41728  14.545  -49.402  -85.720  0.0000000000
41729  -28.377  -50.828  -38.548  0.0000000000
41730  -33.131  -50.800  -39.010  0.0000000000
41731  -38.976  -51.192  -38.498  0.0000000000
41732  -39.502  -50.974  -38.831  0.0000000000
41733  -40.326  -50.519  -38.648  0.0000000000
41734  -40.827  -50.391  -38.862  0.0000000000
41741  14.890  -49.938  -85.349  0.0000000000
41742  14.465  -49.960  -85.409  0.0000000000
41743  13.813  -50.459  -85.224  0.0000000000
41744  12.965  -51.097  -84.976  0.0000000000
41745  12.298  -51.707  -84.706  0.0000000000
41746  -28.324  -50.919  -39.424  0.0000000000
41747  -32.591  -50.900  -39.961  0.0000000000
41748  -32.907  -50.667  -39.474  0.0000000000
41749  -38.401  -51.073  -39.921  0.0000000000
41750  -39.048  -50.935  -39.750  0.0000000000
41751  -39.650  -50.634  -39.570  0.0000000000
41752  -40.304  -50.495  -39.266  0.0000000000
41753  -40.802  -50.368  -39.090  0.0000000000
41761  12.542  -51.040  -85.074  0.0000000000
41762  11.824  -51.639  -84.815  0.0000000000
41763  -28.000  -50.570  -40.631  0.0000000000
41764  -28.202  -50.817  -40.305  0.0000000000
41765  -32.299  -50.857  -40.602  0.0000000000
41766  -37.505  -50.985  -40.671  0.0000000000
41767  -38.117  -50.661  -40.417  0.0000000000
41768  -38.776  -50.568  -40.147  0.0000000000
41769  -39.306  -50.472  -39.971  0.0000000000
41777  10.263  -52.008  -84.793  0.0000000000
41778  9.339  -52.173  -84.798  0.0000000000
41779  -27.799  -50.872  -41.163  0.0000000000
41780  -28.072  -50.936  -40.809  0.0000000000
41781  -31.775  -50.835  -41.385  0.0000000000
41782  -32.148  -50.860  -41.014  0.0000000000
41783  -36.658  -51.037  -41.457  0.0000000000
41784  -37.223  -50.560  -41.263  0.0000000000
41785  -37.739  -50.500  -40.843  0.0000000000
41793  -26.344  -50.586  -42.077  0.0000000000
41794  9.345  -51.966  -84.924  0.0000000000
41795  -27.359  -50.668  -41.927  0.0000000000
41796  -31.131  -50.843  -42.130  0.0000000000
41797  -31.422  -50.796  -41.828  0.0000000000
41798  -34.139  -50.416  -42.402  0.0000000000
41799  -34.600  -50.800  -42.294  0.0000000000
41800  -35.359  -50.800  -42.002  0.0000000000
41801  -36.142  -50.770  -41.824  0.0000000000
41802  -36.734  -50.516  -41.706  0.0000000000
41809  -26.245  -50.364  -42.331  0.0000000000
41810  -26.575  -50.450  -42.441  0.0000000000
41811  -27.028  -50.453  -42.413  0.0000000000
41812  -30.937  -50.878  -42.633  0.0000000000
41813  -32.485  -50.808  -43.165  0.0000000000
41814  -33.015  -50.762  -42.901  0.0000000000
41815  -33.861  -50.800  -42.636  0.0000000000
41816  -34.386  -51.184  -42.557  0.0000000000
41822  -31.026  -50.871  -43.195  0.0000000000
41823  -31.463  -50.871  -43.504  0.0000000000
41824  -32.044  -50.878  -43.426  0.0000000000
43170  5.739  -44.111  -89.562  0.0000000000
43171  4.971  -44.218  -89.555  0.0000000000
43193  4.917  -44.644  -89.346  0.0000000000
43194  4.133  -44.791  -89.312  0.0000000000
43195  0.000  0.000  0.000  0.0000000000
43212  -34.257  -50.001  -34.196  0.0000000000
43213  -34.562  -49.570  -34.420  0.0000000000
43214  0.000  0.000  0.000  0.0000000000
43215  0.000  0.000  0.000  0.0000000000
43227  -34.272  -50.215  -35.106  0.0000000000
43228  -34.554  -49.693  -34.904  0.0000000000
43229  -19.627  -57.646  -79.320  0.0000000000
43230  0.000  0.000  0.000  0.0000000000
43238  -34.261  -50.094  -35.766  0.0000000000
43239  -34.505  -49.720  -35.614  0.0000000000
43240  -37.560  -50.380  -35.424  0.0000000000
43241  -37.862  -50.033  -35.489  0.0000000000
43247  13.199  -46.850  -87.355  0.0000000000
43248  12.633  -46.675  -87.532  0.0000000000
43249  12.264  -46.578  -87.636  0.0000000000
43250  -34.174  -50.033  -36.458  0.0000000000
43251  -34.406  -49.717  -36.156  0.0000000000
43252  -38.258  -50.033  -36.186  0.0000000000
43253  -38.827  -50.000  -36.643  0.0000000000
43254  -39.211  -49.616  -36.678  0.0000000000
43260  13.949  -47.881  -86.677  0.0000000000
43261  13.498  -47.428  -86.997  0.0000000000
43262  12.790  -47.160  -87.249  0.0000000000
43263  11.964  -46.873  -87.520  0.0000000000
43264  10.790  -47.034  -87.586  0.0000000000
43265  9.768  -47.210  -87.612  0.0000000000
43266  -28.230  -50.440  -37.610  0.0000000000
43267  -34.058  -50.020  -37.265  0.0000000000
43268  -39.105  -50.320  -37.079  0.0000000000
43269  -39.592  -49.955  -37.251  0.0000000000
43270  -40.062  -49.616  -37.438  0.0000000000
43278  14.087  -48.505  -86.306  0.0000000000
43279  13.548  -48.221  -86.552  0.0000000000
43280  12.948  -47.759  -86.899  0.0000000000
43281  12.150  -47.479  -87.167  0.0000000000
43282  11.061  -47.489  -87.307  0.0000000000
43283  9.950  -47.603  -87.379  0.0000000000
43284  -28.139  -50.340  -38.031  0.0000000000
43285  -33.562  -50.267  -38.305  0.0000000000
43286  -33.850  -50.006  -37.981  0.0000000000
43287  -39.920  -50.284  -37.822  0.0000000000
43288  -40.392  -49.955  -38.027  0.0000000000
43289  -40.920  -49.616  -38.222  0.0000000000
43298  14.227  -49.200  -85.889  0.0000000000
43299  13.794  -48.996  -86.076  0.0000000000
43300  -26.879  -49.634  -38.434  0.0000000000
43301  -27.298  -49.726  -38.526  0.0000000000
43302  -27.997  -50.057  -38.817  0.0000000000
43303  -33.328  -50.029  -38.815  0.0000000000
43304  -33.635  -49.756  -38.508  0.0000000000
43305  -40.720  -50.284  -38.622  0.0000000000
43306  -41.113  -49.915  -38.762  0.0000000000
43307  -41.611  -49.611  -38.891  0.0000000000
43314  14.299  -49.566  -85.666  0.0000000000
43315  13.893  -49.709  -85.651  0.0000000000
43316  13.449  -50.310  -85.370  0.0000000000
43317  -27.866  -49.728  -39.888  0.0000000000
43318  -28.071  -49.980  -39.709  0.0000000000
43319  -32.742  -50.029  -39.693  0.0000000000
43320  -33.040  -50.150  -39.274  0.0000000000
43321  -39.590  -49.993  -39.898  0.0000000000
43322  -40.128  -49.953  -39.627  0.0000000000
43323  -40.870  -49.895  -39.366  0.0000000000
43324  -41.534  -49.548  -39.188  0.0000000000
43330  13.386  -49.894  -85.624  0.0000000000
43331  -25.160  -49.994  -40.254  0.0000000000
43332  12.324  -50.969  -85.149  0.0000000000
43333  -27.786  -49.892  -40.482  0.0000000000
43334  -28.060  -50.299  -40.277  0.0000000000
43335  -31.988  -49.596  -40.534  0.0000000000
43336  -32.291  -50.009  -40.339  0.0000000000
43337  -38.002  -49.993  -40.673  0.0000000000
43338  -38.553  -49.986  -40.367  0.0000000000
43339  -39.164  -50.008  -40.150  0.0000000000
43347  -25.418  -49.733  -40.708  0.0000000000
43348  -25.769  -50.013  -41.092  0.0000000000
43349  -27.552  -50.002  -41.480  0.0000000000
43350  -31.841  -49.908  -41.002  0.0000000000
43351  -32.110  -50.450  -40.897  0.0000000000
43352  -37.248  -49.868  -41.415  0.0000000000
43353  -37.595  -49.963  -41.066  0.0000000000
43359  -26.074  -50.056  -41.874  0.0000000000
43360  -27.468  -49.921  -42.102  0.0000000000
43361  -31.058  -50.446  -42.345  0.0000000000
43362  -31.430  -50.113  -41.946  0.0000000000
43363  -34.190  -50.000  -42.292  0.0000000000
43364  -34.762  -50.000  -42.096  0.0000000000
43365  -35.539  -50.000  -41.986  0.0000000000
43366  -36.294  -49.962  -41.890  0.0000000000
43367  -36.903  -49.963  -41.680  0.0000000000
43373  -26.323  -49.974  -42.408  0.0000000000
43374  -26.800  -50.000  -42.593  0.0000000000
43375  -27.266  -50.009  -42.441  0.0000000000
43376  -31.109  -50.328  -42.715  0.0000000000
43377  -31.582  -49.875  -42.722  0.0000000000
43378  -32.310  -50.039  -42.949  0.0000000000
43379  -33.122  -50.000  -42.742  0.0000000000
43380  -33.771  -50.000  -42.521  0.0000000000
43384  -31.307  -50.354  -43.194  0.0000000000
43385  -31.787  -50.316  -43.264  0.0000000000
43386  -32.190  -50.430  -43.252  0.0000000000
44770  4.687  -43.957  -89.699  0.0000000000
44780  3.906  -44.161  -89.636  0.0000000000
44781  3.538  -44.078  -89.692  0.0000000000
44790  3.523  -44.708  -89.380  0.0000000000
44791  3.066  -44.514  -89.494  0.0000000000
44799  2.209  -44.847  -89.352  0.0000000000
44808  -34.786  -49.200  -35.535  0.0000000000
44809  -38.324  -49.464  -35.766  0.0000000000
44816  -34.400  -49.467  -36.667  0.0000000000
44817  -34.692  -49.171  -36.349  0.0000000000
44818  -38.493  -49.630  -36.226  0.0000000000
44819  -38.897  -49.222  -36.251  0.0000000000
44820  -39.489  -49.154  -36.755  0.0000000000
44828  -34.280  -49.431  -37.192  0.0000000000
44829  -34.572  -48.998  -37.156  0.0000000000
44830  -39.946  -49.154  -37.172  0.0000000000
44831  -40.360  -49.192  -37.539  0.0000000000
44840  13.046  -48.335  -86.565  0.0000000000
44841  12.482  -48.123  -86.766  0.0000000000
44842  11.651  -47.903  -87.003  0.0000000000
44843  -26.650  -49.566  -38.366  0.0000000000
44844  -34.149  -49.171  -37.940  0.0000000000
44845  -34.404  -49.006  -37.600  0.0000000000
44854  13.345  -48.743  -86.290  0.0000000000
44855  -25.145  -49.138  -38.894  0.0000000000
44856  -25.911  -49.043  -38.857  0.0000000000
44857  -26.760  -49.346  -38.770  0.0000000000
44858  -27.532  -49.470  -39.063  0.0000000000
44859  -27.995  -49.581  -39.297  0.0000000000
44860  -33.514  -49.262  -38.847  0.0000000000
44861  -33.836  -49.321  -38.451  0.0000000000
44862  -41.556  -49.520  -38.693  0.0000000000
44869  -24.635  -49.503  -39.376  0.0000000000
44870  -25.053  -49.073  -39.593  0.0000000000
44871  -26.425  -48.862  -39.267  0.0000000000
44872  -27.041  -49.007  -39.396  0.0000000000
44873  -27.699  -49.325  -39.747  0.0000000000
44874  -28.060  -49.515  -39.488  0.0000000000
44875  -32.636  -49.260  -39.845  0.0000000000
44876  -33.096  -49.369  -39.335  0.0000000000
44877  -38.093  -48.824  -39.970  0.0000000000
44878  -38.582  -48.926  -39.914  0.0000000000
44879  -39.471  -49.236  -39.800  0.0000000000
44880  -40.326  -49.200  -39.611  0.0000000000
44881  -41.122  -49.137  -39.508  0.0000000000
44882  -41.884  -48.971  -39.362  0.0000000000
44891  -24.875  -49.479  -39.991  0.0000000000
44892  -25.226  -49.225  -40.289  0.0000000000
44893  -27.540  -49.132  -40.479  0.0000000000
44894  -31.906  -49.140  -40.646  0.0000000000
44895  -32.235  -49.200  -40.235  0.0000000000
44896  -37.356  -48.869  -40.686  0.0000000000
44897  -37.988  -49.195  -40.416  0.0000000000
44898  -38.911  -49.474  -40.135  0.0000000000
44899  -39.390  -49.630  -40.052  0.0000000000
44906  -25.512  -49.236  -40.891  0.0000000000
44907  -25.813  -49.260  -41.388  0.0000000000
44908  -26.885  -48.834  -41.486  0.0000000000
44909  -27.284  -49.176  -41.221  0.0000000000
44910  -31.643  -49.197  -41.274  0.0000000000
44911  -36.574  -48.869  -41.451  0.0000000000
44912  -37.173  -49.212  -41.153  0.0000000000
44913  -37.762  -49.584  -40.862  0.0000000000
44918  -26.200  -49.264  -41.943  0.0000000000
44919  -26.751  -49.113  -41.918  0.0000000000
44920  -27.298  -49.495  -41.973  0.0000000000
44921  -31.584  -49.183  -42.021  0.0000000000
44922  -33.438  -48.816  -42.338  0.0000000000
44923  -34.000  -49.200  -42.216  0.0000000000
44924  -34.853  -49.200  -42.025  0.0000000000
44925  -35.660  -49.200  -41.946  0.0000000000
44926  -36.455  -49.230  -41.710  0.0000000000
44927  -37.007  -49.557  -41.588  0.0000000000
44931  -26.545  -49.520  -42.413  0.0000000000
44932  -27.018  -49.552  -42.422  0.0000000000
44933  -27.362  -49.649  -42.351  0.0000000000
44934  -31.883  -49.171  -42.580  0.0000000000
44935  -32.514  -49.200  -42.751  0.0000000000
44936  -33.276  -49.200  -42.559  0.0000000000
44937  -33.808  -49.584  -42.416  0.0000000000
46464  3.390  -43.783  -89.842  0.0000000000
46471  2.484  -44.149  -89.692  0.0000000000
46472  1.776  -44.211  -89.679  0.0000000000
46481  1.612  -44.758  -89.410  0.0000000000
46482  1.070  -44.702  -89.446  0.0000000000
46492  -35.052  -48.629  -36.081  0.0000000000
46493  0.344  -45.252  -89.175  0.0000000000
46506  -35.023  -48.378  -36.988  0.0000000000
46507  -35.376  -47.970  -36.846  0.0000000000
46520  -34.216  -48.684  -38.212  0.0000000000
46521  -34.561  -48.484  -37.911  0.0000000000
46530  -25.294  -48.802  -39.237  0.0000000000
46531  -25.552  -48.754  -39.164  0.0000000000
46532  -33.391  -48.833  -39.147  0.0000000000
46533  -33.943  -48.576  -38.736  0.0000000000
46534  -1.828  -47.779  -87.828  0.0000000000
46542  -25.410  -48.754  -39.698  0.0000000000
46543  -25.952  -48.524  -39.660  0.0000000000
46544  -26.653  -48.440  -39.754  0.0000000000
46545  -27.190  -48.696  -39.863  0.0000000000
46546  -32.560  -48.784  -39.963  0.0000000000
46547  -33.084  -48.415  -39.669  0.0000000000
46548  -33.741  -47.996  -39.365  0.0000000000
46549  -37.608  -48.281  -39.946  0.0000000000
46550  -38.064  -48.357  -39.796  0.0000000000
46551  -38.820  -48.367  -39.672  0.0000000000
46552  -39.653  -48.400  -39.625  0.0000000000
46553  -40.458  -48.400  -39.638  0.0000000000
46554  -41.258  -48.418  -39.642  0.0000000000
46564  -25.606  -48.662  -40.473  0.0000000000
46565  -26.020  -48.163  -40.447  0.0000000000
46566  -26.975  -48.344  -40.296  0.0000000000
46567  -27.408  -48.757  -40.240  0.0000000000
46568  -31.822  -48.438  -40.870  0.0000000000
46569  -32.344  -48.430  -40.318  0.0000000000
46570  -32.758  -48.016  -40.181  0.0000000000
46571  -36.830  -48.133  -40.610  0.0000000000
46572  -37.345  -48.387  -40.310  0.0000000000
46573  -37.784  -48.631  -40.042  0.0000000000
46578  -25.659  -48.824  -41.043  0.0000000000
46579  -26.105  -48.523  -41.182  0.0000000000
46580  -26.799  -48.457  -41.015  0.0000000000
46581  -27.287  -48.700  -40.702  0.0000000000
46582  -31.669  -48.400  -41.543  0.0000000000
46583  -35.987  -48.178  -41.352  0.0000000000
46584  -36.513  -48.394  -41.100  0.0000000000
46585  -37.012  -48.613  -40.801  0.0000000000
46589  -26.347  -48.802  -41.743  0.0000000000
46590  -26.581  -48.681  -41.557  0.0000000000
46591  -31.743  -48.446  -42.199  0.0000000000
46592  -33.633  -48.354  -42.181  0.0000000000
46593  -34.316  -48.400  -42.013  0.0000000000
46594  -35.037  -48.438  -41.905  0.0000000000
46595  -35.719  -48.433  -41.703  0.0000000000
46596  -36.229  -48.613  -41.553  0.0000000000
46597  -32.047  -48.478  -42.591  0.0000000000
46598  -32.617  -48.471  -42.639  0.0000000000
46599  -33.144  -48.392  -42.435  0.0000000000
48136  3.052  -43.527  -89.978  0.0000000000
48146  2.367  -43.516  -90.004  0.0000000000
48147  1.459  -43.950  -89.812  0.0000000000
48158  0.679  -44.416  -89.592  0.0000000000
48169  -0.039  -45.027  -89.289  0.0000000000
48182  -35.082  -47.924  -37.678  0.0000000000
48183  -0.635  -45.660  -88.965  0.0000000000
48191  -1.539  -46.989  -88.259  0.0000000000
48192  -1.298  -46.280  -88.637  0.0000000000
48203  -2.525  -48.251  -87.553  0.0000000000
48204  -2.254  -47.424  -88.011  0.0000000000
48205  -1.852  -46.687  -88.413  0.0000000000
48215  -26.317  -48.053  -40.071  0.0000000000
48216  -26.651  -48.058  -40.053  0.0000000000
48217  -33.364  -47.527  -39.785  0.0000000000
48218  -33.888  -47.423  -39.507  0.0000000000
48219  -2.904  -48.020  -87.668  0.0000000000
48220  -37.617  -47.692  -39.866  0.0000000000
48221  -38.337  -47.614  -39.681  0.0000000000
48222  -39.127  -47.633  -39.671  0.0000000000
48223  -39.874  -47.678  -39.694  0.0000000000
48224  -40.648  -47.600  -39.867  0.0000000000
48235  -26.271  -47.891  -40.515  0.0000000000
48236  -26.601  -47.984  -40.449  0.0000000000
48237  -32.038  -47.867  -40.728  0.0000000000
48238  -32.449  -47.560  -40.583  0.0000000000
48239  -32.930  -47.554  -40.188  0.0000000000
48240  -36.055  -47.333  -40.738  0.0000000000
48241  -36.516  -47.567  -40.590  0.0000000000
48242  -37.066  -47.576  -40.221  0.0000000000
48243  -40.820  -47.170  -40.162  0.0000000000
48249  -26.157  -47.995  -40.804  0.0000000000
48250  -26.393  -48.025  -40.855  0.0000000000
48251  -31.830  -47.673  -41.265  0.0000000000
48252  -32.083  -47.378  -41.011  0.0000000000
48253  -35.162  -47.333  -41.429  0.0000000000
48254  -35.656  -47.570  -41.207  0.0000000000
48255  -36.098  -47.822  -40.996  0.0000000000
48256  -31.933  -47.671  -41.960  0.0000000000
48257  -32.597  -47.410  -42.165  0.0000000000
48258  -33.279  -47.633  -42.138  0.0000000000
48259  -33.992  -47.671  -41.946  0.0000000000
48260  -34.707  -47.633  -41.767  0.0000000000
48261  -35.238  -47.867  -41.667  0.0000000000
48262  -31.868  -48.030  -42.393  0.0000000000
48263  -32.257  -47.912  -42.471  0.0000000000
48264  -32.769  -47.911  -42.465  0.0000000000
49786  1.904  -43.128  -90.202  0.0000000000
49787  1.169  -43.699  -89.939  0.0000000000
49798  1.169  -43.349  -90.108  0.0000000000
49799  0.638  -43.896  -89.849  0.0000000000
49811  -0.017  -44.429  -89.588  0.0000000000
49824  -0.682  -45.028  -89.286  0.0000000000
49835  -1.360  -45.721  -88.926  0.0000000000
49845  -2.408  -46.712  -88.386  0.0000000000
49846  -1.796  -46.245  -88.646  0.0000000000
49853  -33.454  -46.788  -39.821  0.0000000000
49854  -3.477  -48.294  -87.496  0.0000000000
49855  -2.965  -47.534  -87.930  0.0000000000
49856  -37.429  -46.893  -39.903  0.0000000000
49857  -38.018  -46.885  -39.770  0.0000000000
49858  -38.853  -46.794  -39.886  0.0000000000
49859  -39.620  -47.074  -39.851  0.0000000000
49860  -40.097  -47.230  -39.838  0.0000000000
49869  -32.667  -46.800  -40.657  0.0000000000
49870  -33.008  -46.786  -40.194  0.0000000000
49871  -35.872  -46.781  -40.705  0.0000000000
49872  -36.439  -46.750  -40.444  0.0000000000
49873  -36.976  -46.834  -40.190  0.0000000000
49874  -39.204  -46.370  -40.176  0.0000000000
49875  -39.646  -46.526  -40.149  0.0000000000
49876  -40.420  -46.800  -40.104  0.0000000000
49879  -32.012  -47.120  -41.384  0.0000000000
49880  -32.371  -46.840  -41.191  0.0000000000
49881  -33.667  -46.489  -41.511  0.0000000000
49882  -34.243  -46.571  -41.457  0.0000000000
49883  -34.871  -46.771  -41.371  0.0000000000
49884  -35.429  -46.781  -41.044  0.0000000000
49885  -31.928  -47.237  -41.634  0.0000000000
49886  -32.370  -46.905  -41.735  0.0000000000
49887  -33.101  -46.800  -41.803  0.0000000000
49888  -33.771  -47.029  -41.771  0.0000000000
49889  -34.333  -47.111  -41.689  0.0000000000
51380  0.657  -43.411  -90.083  0.0000000000
51398  -0.009  -43.904  -89.847  0.0000000000
51407  -0.716  -44.474  -89.563  0.0000000000
51418  -1.405  -45.186  -89.198  0.0000000000
51427  -2.694  -46.453  -88.515  0.0000000000
51428  -2.194  -45.878  -88.828  0.0000000000
51437  -33.560  -46.139  -39.788  0.0000000000
51438  -3.665  -47.879  -87.717  0.0000000000
51439  -3.177  -47.021  -88.198  0.0000000000
51440  -37.346  -46.414  -39.998  0.0000000000
51441  -37.770  -46.301  -39.922  0.0000000000
51442  -38.350  -46.311  -39.922  0.0000000000
51449  -32.751  -46.070  -40.611  0.0000000000
51450  -33.106  -45.923  -40.189  0.0000000000
51451  -35.724  -46.156  -40.717  0.0000000000
51452  -36.261  -46.008  -40.486  0.0000000000
51453  -37.206  -45.931  -40.233  0.0000000000
51454  -38.186  -45.798  -40.158  0.0000000000
51455  -38.931  -45.965  -40.193  0.0000000000
51456  -39.660  -45.922  -40.316  0.0000000000
51457  -40.362  -45.986  -40.272  0.0000000000
51460  -32.728  -46.101  -41.153  0.0000000000
51461  -33.322  -46.000  -41.378  0.0000000000
51462  -34.104  -45.929  -41.299  0.0000000000
51463  -34.776  -45.986  -41.210  0.0000000000
51464  -35.339  -46.038  -40.992  0.0000000000
51465  -32.528  -46.437  -41.527  0.0000000000
51466  -32.790  -46.364  -41.606  0.0000000000
52854  0.064  -43.465  -90.060  0.0000000000
52868  -0.323  -43.348  -90.116  0.0000000000
52869  -0.714  -43.876  -89.858  0.0000000000
52883  -1.394  -44.621  -89.482  0.0000000000
52892  -2.036  -45.235  -89.161  0.0000000000
52898  -3.032  -46.257  -88.607  0.0000000000
52899  -2.495  -45.674  -88.925  0.0000000000
52907  -4.508  -48.354  -87.416  0.0000000000
52908  -3.878  -47.452  -87.939  0.0000000000
52909  -3.521  -46.897  -88.251  0.0000000000
52913  -32.864  -45.529  -40.635  0.0000000000
52914  -33.157  -45.112  -40.500  0.0000000000
52915  -35.856  -45.215  -40.671  0.0000000000
52916  -36.686  -45.170  -40.415  0.0000000000
52917  -37.394  -45.031  -40.373  0.0000000000
52918  -38.052  -45.137  -40.344  0.0000000000
52919  -38.833  -45.167  -40.310  0.0000000000
52920  -39.567  -45.233  -40.310  0.0000000000
52921  -40.280  -45.301  -40.299  0.0000000000
52922  -40.861  -45.428  -40.172  0.0000000000
52923  -32.753  -45.637  -40.879  0.0000000000
52924  -33.181  -45.267  -41.002  0.0000000000
52925  -33.936  -45.200  -41.203  0.0000000000
52926  -34.691  -45.219  -41.143  0.0000000000
52927  -35.251  -45.356  -41.006  0.0000000000
54368  -1.176  -43.605  -89.985  0.0000000000
54382  -1.586  -44.217  -89.679  0.0000000000
54392  -2.870  -45.114  -89.199  0.0000000000
54393  -2.148  -44.850  -89.352  0.0000000000
54399  -3.462  -45.904  -88.774  0.0000000000
54400  -2.707  -45.506  -89.005  0.0000000000
54409  -33.557  -44.539  -40.024  0.0000000000
54410  -4.557  -47.728  -87.757  0.0000000000
54411  -3.923  -46.820  -88.275  0.0000000000
54412  -39.964  -44.136  -39.813  0.0000000000
54413  -40.473  -44.271  -39.558  0.0000000000
54415  -33.421  -44.472  -40.398  0.0000000000
54416  -33.627  -44.169  -40.189  0.0000000000
54417  -35.843  -44.244  -40.600  0.0000000000
54418  -36.444  -44.381  -40.457  0.0000000000
54419  -37.208  -44.370  -40.366  0.0000000000
54420  -38.008  -44.402  -40.333  0.0000000000
54421  -38.740  -44.478  -40.316  0.0000000000
54422  -39.461  -44.427  -40.160  0.0000000000
54423  -40.147  -44.644  -40.099  0.0000000000
54424  -40.744  -44.860  -39.949  0.0000000000
54425  -33.357  -44.594  -40.821  0.0000000000
54426  -33.794  -44.501  -41.055  0.0000000000
54427  -34.533  -44.465  -41.097  0.0000000000
54428  -35.291  -44.448  -40.915  0.0000000000
55916  -2.717  -44.172  -89.674  0.0000000000
55917  -2.218  -44.000  -89.772  0.0000000000
55926  -2.862  -44.521  -89.497  0.0000000000
55927  -2.321  -44.550  -89.498  0.0000000000
55928  -39.870  -43.296  -38.270  0.0000000000
55929  -10.311  -46.853  -87.741  0.0000000000
55936  -3.611  -45.356  -89.050  0.0000000000
55937  -39.826  -43.360  -38.657  0.0000000000
55938  -40.387  -43.723  -38.911  0.0000000000
55945  -4.631  -47.277  -87.997  0.0000000000
55946  -4.336  -46.395  -88.480  0.0000000000
55947  -38.173  -43.273  -39.847  0.0000000000
55948  -38.579  -43.355  -39.790  0.0000000000
55949  -39.483  -43.609  -39.551  0.0000000000
55950  -40.103  -43.913  -39.479  0.0000000000
55951  -33.577  -43.999  -40.454  0.0000000000
55952  -34.022  -43.720  -40.300  0.0000000000
55953  -34.639  -43.442  -40.556  0.0000000000
55954  -35.366  -43.607  -40.637  0.0000000000
55955  -36.119  -43.581  -40.457  0.0000000000
55956  -36.906  -43.577  -40.331  0.0000000000
55957  -37.874  -43.504  -40.112  0.0000000000
55958  -38.701  -43.853  -40.114  0.0000000000
55959  -39.183  -44.016  -40.122  0.0000000000
55960  -33.659  -44.089  -40.749  0.0000000000
55961  -34.233  -43.910  -40.878  0.0000000000
55962  -34.937  -43.890  -40.910  0.0000000000
55963  -35.296  -43.907  -40.893  0.0000000000
57398  -7.718  -44.774  -89.083  0.0000000000
57414  -2.877  -44.000  -89.754  0.0000000000
57416  -7.805  -44.985  -88.969  0.0000000000
57417  -8.636  -45.478  -88.641  0.0000000000
57428  -3.755  -44.882  -89.283  0.0000000000
57429  -7.662  -45.759  -88.586  0.0000000000
57430  -7.981  -45.639  -88.620  0.0000000000
57431  -9.487  -46.348  -88.102  0.0000000000
57442  -4.460  -45.802  -88.782  0.0000000000
57443  -7.864  -46.087  -88.398  0.0000000000
57444  -8.792  -46.546  -88.069  0.0000000000
57445  -39.377  -43.115  -38.979  0.0000000000
57450  -4.933  -47.171  -88.037  0.0000000000
57451  -5.183  -46.802  -88.220  0.0000000000
57452  -37.470  -42.597  -39.790  0.0000000000
57453  -37.991  -42.805  -39.536  0.0000000000
57454  -38.958  -43.080  -39.376  0.0000000000
57455  -39.333  -43.148  -39.350  0.0000000000
57456  -5.386  -47.480  -87.844  0.0000000000
57457  -5.883  -47.516  -87.793  0.0000000000
57458  -6.441  -47.750  -87.627  0.0000000000
57459  -36.346  -42.854  -40.300  0.0000000000
57460  -37.225  -42.770  -40.057  0.0000000000
57461  -37.750  -43.010  -40.030  0.0000000000
58965  -5.385  -44.248  -89.516  0.0000000000
58966  -5.683  -44.185  -89.528  0.0000000000
58967  -6.300  -44.104  -89.527  0.0000000000
58984  -3.957  -44.452  -89.490  0.0000000000
58985  -4.351  -44.184  -89.604  0.0000000000
58986  -5.191  -44.430  -89.437  0.0000000000
58987  -6.032  -44.736  -89.232  0.0000000000
58988  -6.533  -44.743  -89.193  0.0000000000
58989  -7.185  -44.897  -89.065  0.0000000000
58998  -4.608  -45.337  -89.013  0.0000000000
58999  -4.904  -45.065  -89.135  0.0000000000
59000  -5.473  -45.087  -89.091  0.0000000000
59001  -6.226  -45.251  -88.959  0.0000000000
59002  -7.135  -45.476  -88.775  0.0000000000
59003  -7.215  -45.214  -88.903  0.0000000000
59011  -5.228  -46.195  -88.537  0.0000000000
59012  -5.430  -45.836  -88.711  0.0000000000
59013  -5.952  -45.818  -88.687  0.0000000000
59014  -6.500  -45.814  -88.650  0.0000000000
59015  -7.239  -46.003  -88.495  0.0000000000
59019  -5.820  -46.927  -88.114  0.0000000000
59020  -5.961  -46.554  -88.302  0.0000000000
59021  -6.364  -46.461  -88.322  0.0000000000
59022  -7.049  -46.553  -88.222  0.0000000000
59023  -7.247  -46.343  -88.317  0.0000000000
59024  -6.104  -47.320  -87.883  0.0000000000
59025  -6.324  -47.189  -87.939  0.0000000000
59026  -6.680  -47.011  -88.008  0.0000000000
59027  -6.952  -46.870  -88.062  0.0000000000
