#!ascii label  , from subject  vox2ras=TkReg
578
3959  -34.839  -73.713  -36.373  0.0000000000
3972  -35.255  -73.634  -36.850  0.0000000000
3973  -35.559  -73.658  -36.816  0.0000000000
4756  -34.014  -73.346  -36.511  0.0000000000
4757  -34.416  -73.414  -36.822  0.0000000000
4758  -35.813  -73.590  -36.631  0.0000000000
4759  -36.159  -73.320  -36.413  0.0000000000
4772  -33.448  -72.848  -37.127  0.0000000000
4773  -34.058  -73.205  -37.273  0.0000000000
4774  -34.859  -73.376  -37.320  0.0000000000
4775  -35.693  -73.353  -37.134  0.0000000000
4776  -36.271  -72.980  -37.006  0.0000000000
4791  -33.620  -72.909  -38.129  0.0000000000
4792  -34.323  -73.197  -38.046  0.0000000000
4793  -34.994  -73.185  -38.170  0.0000000000
4794  -35.561  -73.142  -37.942  0.0000000000
4795  -36.170  -72.949  -37.710  0.0000000000
4804  -33.480  -72.916  -39.076  0.0000000000
4805  -34.050  -73.113  -38.860  0.0000000000
4806  -34.769  -73.098  -38.794  0.0000000000
4807  -35.585  -72.844  -38.785  0.0000000000
4808  -36.089  -72.831  -38.347  0.0000000000
4817  -33.425  -72.949  -39.566  0.0000000000
4818  -33.807  -73.048  -39.556  0.0000000000
4819  -34.533  -72.942  -39.664  0.0000000000
4820  -35.184  -72.846  -39.348  0.0000000000
4831  -33.468  -72.887  -39.895  0.0000000000
4832  -33.922  -72.888  -40.104  0.0000000000
4833  -34.364  -72.780  -40.242  0.0000000000
4851  -31.698  -72.778  -42.360  0.0000000000
4852  -31.969  -72.784  -42.331  0.0000000000
4867  -31.193  -72.797  -43.174  0.0000000000
4868  -31.648  -72.859  -42.781  0.0000000000
4869  -32.215  -72.837  -42.639  0.0000000000
4881  -31.237  -72.798  -43.470  0.0000000000
4882  -31.658  -72.813  -43.360  0.0000000000
4883  -32.131  -72.797  -43.103  0.0000000000
4912  -27.596  -72.882  -46.283  0.0000000000
4913  -28.078  -72.912  -46.494  0.0000000000
4925  -27.512  -73.011  -46.832  0.0000000000
4926  -28.033  -72.945  -46.923  0.0000000000
4936  -27.582  -72.830  -47.325  0.0000000000
4937  -28.141  -72.740  -47.301  0.0000000000
5652  -36.557  -72.694  -36.302  0.0000000000
5653  -36.918  -72.134  -36.501  0.0000000000
5668  -33.036  -72.289  -37.290  0.0000000000
5669  -36.672  -72.539  -37.238  0.0000000000
5670  -37.018  -72.046  -37.099  0.0000000000
5681  -33.190  -72.378  -37.951  0.0000000000
5682  -36.563  -72.537  -38.107  0.0000000000
5683  -36.957  -72.143  -37.761  0.0000000000
5690  -33.180  -72.449  -38.765  0.0000000000
5691  -35.936  -72.475  -39.136  0.0000000000
5692  -36.353  -72.252  -38.791  0.0000000000
5693  -36.851  -72.098  -38.331  0.0000000000
5703  -32.819  -72.184  -39.851  0.0000000000
5704  -33.165  -72.575  -39.569  0.0000000000
5705  -35.104  -72.579  -39.850  0.0000000000
5706  -35.635  -72.245  -39.527  0.0000000000
5707  -36.056  -72.228  -39.236  0.0000000000
5717  -32.573  -72.040  -40.308  0.0000000000
5718  -33.170  -72.504  -40.361  0.0000000000
5719  -33.930  -72.594  -40.617  0.0000000000
5720  -34.641  -72.336  -40.501  0.0000000000
5721  -35.211  -72.126  -40.119  0.0000000000
5732  -31.890  -72.093  -41.393  0.0000000000
5733  -32.326  -72.140  -41.092  0.0000000000
5734  -33.190  -72.438  -41.221  0.0000000000
5735  -33.955  -72.297  -41.252  0.0000000000
5736  -34.421  -72.060  -41.077  0.0000000000
5751  -31.041  -72.009  -42.341  0.0000000000
5752  -31.639  -72.246  -41.968  0.0000000000
5753  -32.473  -72.545  -42.011  0.0000000000
5754  -33.253  -72.382  -42.000  0.0000000000
5755  -33.808  -72.107  -41.991  0.0000000000
5766  -30.343  -72.099  -43.258  0.0000000000
5767  -30.967  -72.343  -42.770  0.0000000000
5768  -31.474  -72.671  -42.451  0.0000000000
5769  -32.692  -72.515  -42.793  0.0000000000
5770  -33.389  -72.131  -42.673  0.0000000000
5771  -33.798  -71.930  -42.434  0.0000000000
5781  -29.597  -71.981  -44.037  0.0000000000
5782  -30.175  -72.222  -43.795  0.0000000000
5783  -30.916  -72.486  -43.602  0.0000000000
5784  -31.600  -72.536  -43.759  0.0000000000
5785  -32.377  -72.305  -43.618  0.0000000000
5786  -33.017  -72.120  -43.213  0.0000000000
5798  -29.484  -72.169  -44.613  0.0000000000
5799  -30.038  -72.316  -44.484  0.0000000000
5800  -30.741  -72.342  -44.418  0.0000000000
5801  -31.581  -72.186  -44.412  0.0000000000
5802  -32.016  -72.238  -44.078  0.0000000000
5814  -28.300  -72.177  -45.395  0.0000000000
5815  -29.020  -72.199  -45.199  0.0000000000
5816  -29.730  -72.352  -45.219  0.0000000000
5817  -30.463  -72.346  -45.227  0.0000000000
5818  -31.211  -72.123  -45.277  0.0000000000
5830  -27.646  -72.546  -45.845  0.0000000000
5831  -28.379  -72.576  -45.954  0.0000000000
5832  -29.182  -72.443  -45.971  0.0000000000
5833  -29.935  -72.360  -46.013  0.0000000000
5834  -30.706  -72.134  -46.092  0.0000000000
5835  -31.220  -72.020  -45.862  0.0000000000
5846  -28.550  -72.675  -46.708  0.0000000000
5847  -29.286  -72.414  -46.771  0.0000000000
5848  -29.998  -72.210  -46.772  0.0000000000
5849  -30.469  -72.040  -46.679  0.0000000000
5858  -27.823  -72.270  -47.801  0.0000000000
5859  -28.631  -72.413  -47.496  0.0000000000
5860  -29.408  -72.142  -47.447  0.0000000000
5861  -29.887  -72.036  -47.264  0.0000000000
5866  -28.017  -71.993  -48.258  0.0000000000
5867  -28.458  -72.087  -48.140  0.0000000000
5868  -28.994  -72.075  -47.932  0.0000000000
6618  -37.107  -71.548  -36.692  0.0000000000
6637  -37.148  -71.582  -37.428  0.0000000000
6648  -32.566  -71.420  -38.207  0.0000000000
6649  -32.889  -71.878  -37.803  0.0000000000
6650  -37.079  -71.690  -38.034  0.0000000000
6658  -32.557  -71.476  -39.029  0.0000000000
6659  -32.922  -71.878  -38.522  0.0000000000
6660  -36.622  -71.501  -38.934  0.0000000000
6661  -36.901  -71.565  -38.517  0.0000000000
6673  -32.528  -71.702  -39.759  0.0000000000
6674  -32.867  -71.999  -39.263  0.0000000000
6675  -35.872  -71.484  -39.721  0.0000000000
6676  -36.223  -71.679  -39.315  0.0000000000
6690  -31.905  -71.350  -40.650  0.0000000000
6691  -32.159  -71.531  -40.460  0.0000000000
6692  -35.016  -71.748  -40.519  0.0000000000
6693  -35.455  -71.524  -40.146  0.0000000000
6709  -31.849  -71.627  -41.110  0.0000000000
6710  -32.130  -71.790  -40.930  0.0000000000
6711  -34.223  -71.945  -41.499  0.0000000000
6712  -34.666  -71.524  -41.252  0.0000000000
6724  -31.051  -71.471  -42.146  0.0000000000
6725  -31.449  -71.493  -41.672  0.0000000000
6726  -34.178  -71.594  -42.116  0.0000000000
6727  -34.480  -71.253  -41.879  0.0000000000
6737  -30.242  -71.515  -42.946  0.0000000000
6738  -30.734  -71.686  -42.562  0.0000000000
6739  -33.413  -71.807  -43.147  0.0000000000
6740  -33.824  -71.610  -42.881  0.0000000000
6750  -29.289  -71.463  -43.868  0.0000000000
6751  -29.774  -71.626  -43.490  0.0000000000
6752  -32.738  -71.784  -43.954  0.0000000000
6753  -33.204  -71.625  -43.628  0.0000000000
6754  -33.629  -71.515  -43.316  0.0000000000
6765  -28.541  -71.401  -44.766  0.0000000000
6766  -29.021  -71.638  -44.462  0.0000000000
6767  -31.971  -71.825  -44.757  0.0000000000
6768  -32.350  -71.801  -44.381  0.0000000000
6769  -32.993  -71.427  -44.212  0.0000000000
6780  -28.138  -71.611  -45.093  0.0000000000
6781  -28.698  -71.810  -44.977  0.0000000000
6782  -31.726  -71.857  -45.101  0.0000000000
6783  -32.189  -71.541  -45.170  0.0000000000
6784  -32.804  -71.309  -44.833  0.0000000000
6795  -31.120  -71.900  -46.162  0.0000000000
6796  -31.537  -71.645  -45.882  0.0000000000
6797  -32.144  -71.280  -45.764  0.0000000000
6808  -30.219  -71.943  -47.043  0.0000000000
6809  -30.808  -71.579  -46.817  0.0000000000
6810  -31.427  -71.231  -46.564  0.0000000000
6820  -29.379  -71.876  -47.899  0.0000000000
6821  -29.959  -71.589  -47.686  0.0000000000
6822  -30.497  -71.253  -47.476  0.0000000000
6828  -28.374  -71.650  -48.588  0.0000000000
6829  -29.236  -71.512  -48.380  0.0000000000
6830  -29.750  -71.332  -48.168  0.0000000000
6835  -28.125  -71.263  -48.908  0.0000000000
6836  -28.552  -71.264  -49.028  0.0000000000
6837  -28.837  -71.396  -48.833  0.0000000000
7576  -36.971  -70.815  -36.372  0.0000000000
7594  -37.185  -70.987  -37.074  0.0000000000
7608  -37.178  -70.986  -37.876  0.0000000000
7620  -31.717  -70.550  -38.667  0.0000000000
7621  -32.145  -70.955  -38.700  0.0000000000
7622  -36.537  -71.177  -39.165  0.0000000000
7623  -36.939  -70.838  -38.792  0.0000000000
7639  -31.782  -70.592  -39.378  0.0000000000
7640  -32.181  -71.135  -39.699  0.0000000000
7641  -35.791  -71.121  -39.981  0.0000000000
7642  -36.296  -70.773  -39.709  0.0000000000
7643  -36.954  -70.338  -39.301  0.0000000000
7658  -31.771  -70.840  -40.384  0.0000000000
7659  -32.095  -71.105  -40.195  0.0000000000
7660  -35.140  -71.216  -40.697  0.0000000000
7661  -35.630  -70.758  -40.515  0.0000000000
7662  -36.061  -70.453  -40.292  0.0000000000
7672  -31.086  -70.495  -41.537  0.0000000000
7673  -31.459  -70.961  -41.243  0.0000000000
7674  -35.136  -70.680  -41.252  0.0000000000
7675  -35.417  -70.552  -40.970  0.0000000000
7682  -30.868  -70.713  -42.068  0.0000000000
7683  -31.218  -71.015  -41.773  0.0000000000
7684  -34.420  -71.074  -42.277  0.0000000000
7685  -34.731  -70.811  -42.009  0.0000000000
7695  -29.403  -70.559  -43.169  0.0000000000
7696  -29.869  -70.669  -42.931  0.0000000000
7697  -30.487  -70.909  -42.558  0.0000000000
7698  -34.244  -71.086  -42.813  0.0000000000
7699  -34.572  -70.739  -42.667  0.0000000000
7710  -28.615  -70.575  -43.960  0.0000000000
7711  -29.144  -70.818  -43.563  0.0000000000
7712  -29.714  -71.048  -43.219  0.0000000000
7713  -33.457  -71.162  -44.051  0.0000000000
7714  -33.913  -71.086  -43.583  0.0000000000
7715  -34.535  -70.621  -43.336  0.0000000000
7727  -28.312  -70.869  -44.441  0.0000000000
7728  -28.913  -71.059  -44.058  0.0000000000
7729  -33.267  -71.077  -44.527  0.0000000000
7730  -33.753  -70.875  -44.475  0.0000000000
7731  -34.386  -70.522  -44.251  0.0000000000
7747  -28.251  -71.176  -44.846  0.0000000000
7748  -32.576  -71.160  -45.410  0.0000000000
7749  -33.179  -70.921  -45.229  0.0000000000
7750  -33.912  -70.527  -45.238  0.0000000000
7751  -34.459  -70.307  -44.914  0.0000000000
7763  -31.849  -71.137  -46.209  0.0000000000
7764  -32.482  -70.904  -46.016  0.0000000000
7765  -33.168  -70.547  -46.043  0.0000000000
7766  -33.662  -70.345  -45.836  0.0000000000
7781  -31.209  -70.978  -47.013  0.0000000000
7782  -31.839  -70.629  -46.822  0.0000000000
7783  -32.623  -70.496  -46.516  0.0000000000
7784  -32.950  -70.506  -46.458  0.0000000000
7796  -30.361  -71.018  -47.843  0.0000000000
7797  -30.904  -70.717  -47.605  0.0000000000
7798  -31.344  -70.613  -47.269  0.0000000000
7809  -29.535  -70.961  -48.704  0.0000000000
7810  -30.018  -70.799  -48.413  0.0000000000
7811  -30.512  -70.645  -48.069  0.0000000000
7818  -28.455  -70.740  -49.363  0.0000000000
7819  -29.189  -70.838  -49.093  0.0000000000
7820  -29.680  -70.656  -48.864  0.0000000000
7823  -28.731  -70.398  -49.764  0.0000000000
7824  -28.987  -70.493  -49.604  0.0000000000
8615  -37.192  -70.150  -37.152  0.0000000000
8616  -37.504  -69.748  -37.563  0.0000000000
8634  -37.379  -70.250  -38.011  0.0000000000
8635  -37.652  -69.761  -38.124  0.0000000000
8652  -37.385  -70.147  -38.748  0.0000000000
8653  -37.723  -69.608  -38.858  0.0000000000
8667  -31.376  -69.925  -39.768  0.0000000000
8668  -36.742  -69.904  -39.817  0.0000000000
8669  -37.352  -69.820  -39.383  0.0000000000
8670  -37.695  -69.650  -39.325  0.0000000000
8677  -31.084  -69.731  -40.674  0.0000000000
8678  -31.407  -70.052  -40.385  0.0000000000
8679  -35.959  -70.251  -40.698  0.0000000000
8680  -36.357  -69.966  -40.435  0.0000000000
8689  -30.882  -69.918  -41.282  0.0000000000
8690  -31.318  -70.294  -40.939  0.0000000000
8691  -35.283  -70.215  -41.564  0.0000000000
8692  -35.626  -70.227  -41.205  0.0000000000
8693  -36.136  -69.792  -41.192  0.0000000000
8702  -30.234  -69.766  -42.182  0.0000000000
8703  -30.713  -70.087  -41.894  0.0000000000
8704  -35.127  -70.240  -42.013  0.0000000000
8705  -35.611  -69.853  -41.909  0.0000000000
8706  -35.935  -69.793  -41.596  0.0000000000
8718  -28.716  -69.900  -43.124  0.0000000000
8719  -29.226  -70.028  -42.926  0.0000000000
8720  -29.924  -70.051  -42.604  0.0000000000
8721  -30.496  -70.271  -42.340  0.0000000000
8722  -34.922  -70.264  -42.810  0.0000000000
8723  -35.422  -69.807  -42.580  0.0000000000
8736  -28.306  -69.995  -43.550  0.0000000000
8737  -28.975  -70.228  -43.270  0.0000000000
8738  -34.873  -70.120  -43.687  0.0000000000
8739  -35.275  -69.741  -43.293  0.0000000000
8753  -28.277  -70.362  -44.066  0.0000000000
8754  -34.778  -70.006  -44.402  0.0000000000
8767  -34.291  -70.248  -45.303  0.0000000000
8768  -34.602  -69.869  -45.120  0.0000000000
8775  -33.383  -69.981  -46.161  0.0000000000
8776  -34.003  -69.940  -45.724  0.0000000000
8777  -34.451  -69.495  -45.606  0.0000000000
8788  -31.952  -70.110  -47.156  0.0000000000
8789  -32.337  -69.909  -46.892  0.0000000000
8790  -32.937  -70.162  -46.510  0.0000000000
8800  -31.136  -70.144  -47.920  0.0000000000
8801  -31.551  -70.005  -47.529  0.0000000000
8802  -32.011  -69.891  -47.247  0.0000000000
8812  -30.320  -70.160  -48.720  0.0000000000
8813  -30.757  -69.999  -48.350  0.0000000000
8814  -31.234  -69.886  -48.034  0.0000000000
8825  -29.413  -70.253  -49.533  0.0000000000
8826  -29.945  -70.023  -49.150  0.0000000000
8827  -30.434  -69.886  -48.834  0.0000000000
8832  -29.167  -69.951  -49.900  0.0000000000
8833  -29.624  -69.907  -49.650  0.0000000000
9665  -36.847  -69.547  -36.909  0.0000000000
9678  -37.156  -69.272  -37.338  0.0000000000
9679  -37.595  -69.384  -37.661  0.0000000000
9696  -37.421  -68.987  -37.640  0.0000000000
9697  -37.716  -69.134  -38.119  0.0000000000
9710  -37.875  -69.017  -38.722  0.0000000000
9725  -36.743  -69.532  -39.932  0.0000000000
9726  -37.076  -69.452  -39.876  0.0000000000
9727  -37.699  -69.107  -39.544  0.0000000000
9738  -31.258  -69.621  -40.212  0.0000000000
9739  -36.763  -69.402  -40.326  0.0000000000
9740  -37.311  -68.959  -40.362  0.0000000000
9741  -37.680  -68.903  -40.130  0.0000000000
9755  -36.587  -69.151  -41.156  0.0000000000
9756  -36.933  -69.006  -40.781  0.0000000000
9770  -30.424  -69.576  -41.624  0.0000000000
9771  -35.843  -69.454  -42.450  0.0000000000
9772  -36.224  -69.275  -41.987  0.0000000000
9784  -29.211  -69.488  -42.531  0.0000000000
9785  -29.746  -69.492  -42.336  0.0000000000
9786  -35.720  -69.385  -43.053  0.0000000000
9787  -36.196  -69.081  -42.904  0.0000000000
9798  -35.092  -69.686  -43.892  0.0000000000
9799  -35.475  -69.373  -43.752  0.0000000000
9800  -35.982  -69.057  -43.625  0.0000000000
9809  -35.083  -69.520  -44.454  0.0000000000
9810  -35.563  -69.029  -44.381  0.0000000000
9811  -36.129  -68.729  -44.131  0.0000000000
9821  -34.923  -69.198  -45.135  0.0000000000
9822  -35.309  -68.724  -44.951  0.0000000000
9833  -33.518  -69.396  -46.118  0.0000000000
9834  -34.011  -69.196  -45.889  0.0000000000
9835  -34.522  -68.969  -45.674  0.0000000000
9849  -31.858  -68.895  -47.205  0.0000000000
9850  -32.291  -69.100  -46.868  0.0000000000
9851  -32.933  -69.292  -46.512  0.0000000000
9863  -31.615  -69.159  -47.657  0.0000000000
9864  -32.001  -69.486  -47.278  0.0000000000
9872  -30.952  -69.058  -48.518  0.0000000000
9873  -31.304  -69.447  -48.104  0.0000000000
9882  -30.201  -69.054  -49.392  0.0000000000
9883  -30.524  -69.384  -48.947  0.0000000000
9885  -29.379  -69.140  -50.242  0.0000000000
9886  -29.765  -69.402  -49.748  0.0000000000
10763  -36.758  -68.752  -37.574  0.0000000000
10764  -37.148  -68.799  -37.537  0.0000000000
10777  -36.552  -68.328  -38.052  0.0000000000
10778  -37.293  -68.518  -37.927  0.0000000000
10779  -37.781  -68.600  -38.320  0.0000000000
10800  -37.886  -68.438  -38.851  0.0000000000
10818  -37.894  -68.258  -39.484  0.0000000000
10832  -37.416  -68.640  -40.612  0.0000000000
10833  -37.698  -68.423  -40.310  0.0000000000
10845  -36.751  -68.714  -41.407  0.0000000000
10846  -37.154  -68.549  -41.099  0.0000000000
10847  -37.648  -68.021  -40.979  0.0000000000
10859  -36.740  -68.626  -41.874  0.0000000000
10860  -37.132  -68.201  -41.843  0.0000000000
10868  -31.941  -68.002  -43.231  0.0000000000
10869  -32.593  -68.011  -43.170  0.0000000000
10870  -33.014  -67.970  -43.204  0.0000000000
10871  -36.613  -68.637  -42.786  0.0000000000
10872  -37.049  -68.087  -42.642  0.0000000000
10879  -31.172  -68.043  -43.984  0.0000000000
10880  -31.790  -68.229  -43.790  0.0000000000
10881  -32.478  -68.244  -43.698  0.0000000000
10882  -33.032  -68.106  -43.589  0.0000000000
10883  -36.495  -68.610  -43.625  0.0000000000
10884  -36.897  -68.182  -43.492  0.0000000000
10891  -31.123  -68.079  -44.656  0.0000000000
10892  -31.651  -68.273  -44.498  0.0000000000
10893  -32.364  -68.358  -44.416  0.0000000000
10894  -33.247  -68.180  -44.391  0.0000000000
10895  -33.857  -68.076  -44.731  0.0000000000
10896  -35.800  -68.282  -44.555  0.0000000000
10897  -36.485  -68.247  -44.195  0.0000000000
10898  -36.793  -68.219  -43.953  0.0000000000
10914  -31.146  -68.030  -45.068  0.0000000000
10915  -31.496  -68.167  -45.199  0.0000000000
10916  -32.130  -68.352  -45.181  0.0000000000
10917  -32.902  -68.395  -45.211  0.0000000000
10918  -33.799  -68.344  -45.218  0.0000000000
10919  -34.665  -68.518  -45.309  0.0000000000
10920  -35.231  -68.274  -44.980  0.0000000000
10934  -31.867  -68.261  -45.798  0.0000000000
10935  -32.455  -68.448  -45.934  0.0000000000
10936  -33.271  -68.733  -46.009  0.0000000000
10937  -34.171  -68.689  -45.723  0.0000000000
10938  -34.530  -68.670  -45.696  0.0000000000
10949  -31.894  -68.418  -46.599  0.0000000000
10950  -32.628  -68.708  -46.474  0.0000000000
10951  -32.960  -68.767  -46.446  0.0000000000
10963  -31.080  -68.105  -47.800  0.0000000000
10964  -31.375  -68.323  -47.495  0.0000000000
10971  -31.005  -68.284  -48.214  0.0000000000
10972  -31.301  -68.818  -48.061  0.0000000000
10978  -30.265  -68.631  -49.451  0.0000000000
10979  -30.590  -68.450  -49.134  0.0000000000
10982  -29.585  -68.551  -50.299  0.0000000000
10983  -30.078  -68.460  -49.858  0.0000000000
10984  -30.521  -68.073  -49.590  0.0000000000
10989  -29.731  -68.126  -50.364  0.0000000000
11934  -36.690  -67.818  -38.390  0.0000000000
11935  -37.202  -67.910  -38.311  0.0000000000
11936  -37.652  -68.127  -38.379  0.0000000000
11954  -37.158  -67.431  -38.692  0.0000000000
11955  -37.703  -67.685  -38.969  0.0000000000
11964  -37.893  -67.625  -39.876  0.0000000000
11972  -37.885  -67.540  -40.673  0.0000000000
11980  -37.437  -68.001  -41.466  0.0000000000
11981  -37.742  -67.487  -41.482  0.0000000000
11989  -37.419  -67.776  -42.066  0.0000000000
11990  -37.665  -67.343  -42.221  0.0000000000
11999  -30.955  -67.207  -43.216  0.0000000000
12000  -31.395  -67.445  -43.103  0.0000000000
12001  -32.163  -67.504  -42.924  0.0000000000
12002  -32.955  -67.531  -42.981  0.0000000000
12003  -33.686  -67.333  -43.081  0.0000000000
12004  -34.262  -67.217  -43.183  0.0000000000
12005  -37.381  -67.452  -42.779  0.0000000000
12006  -37.632  -67.214  -42.590  0.0000000000
12017  -30.372  -67.280  -43.892  0.0000000000
12018  -30.766  -67.476  -43.656  0.0000000000
12019  -31.376  -67.903  -43.456  0.0000000000
12020  -33.383  -67.788  -43.374  0.0000000000
12021  -33.979  -67.597  -43.581  0.0000000000
12022  -34.665  -67.364  -43.658  0.0000000000
12023  -35.221  -67.256  -43.867  0.0000000000
12024  -37.112  -67.701  -43.378  0.0000000000
12038  -30.398  -67.384  -44.335  0.0000000000
12039  -30.776  -67.799  -44.308  0.0000000000
12040  -33.541  -67.911  -43.895  0.0000000000
12041  -34.164  -67.819  -44.336  0.0000000000
12042  -34.977  -67.604  -44.336  0.0000000000
12043  -35.688  -67.378  -44.289  0.0000000000
12044  -36.367  -67.611  -44.300  0.0000000000
12045  -36.858  -67.725  -43.958  0.0000000000
12060  -30.300  -67.284  -45.146  0.0000000000
12061  -30.837  -67.768  -45.090  0.0000000000
12062  -31.220  -67.976  -45.322  0.0000000000
12063  -34.253  -68.078  -44.944  0.0000000000
12064  -34.796  -67.974  -44.859  0.0000000000
12065  -35.342  -67.897  -44.703  0.0000000000
12072  -30.200  -67.135  -45.616  0.0000000000
12073  -30.704  -67.430  -45.979  0.0000000000
12074  -31.349  -67.964  -45.858  0.0000000000
12079  -30.938  -67.447  -46.811  0.0000000000
12080  -31.288  -67.857  -46.703  0.0000000000
12088  -30.930  -67.558  -47.651  0.0000000000
12089  -31.200  -67.776  -47.216  0.0000000000
12095  -30.779  -67.583  -48.651  0.0000000000
12098  -30.629  -67.642  -49.380  0.0000000000
12101  -30.088  -67.517  -50.176  0.0000000000
12102  -30.463  -67.764  -49.811  0.0000000000
13080  -37.012  -66.830  -39.007  0.0000000000
13081  -37.487  -67.073  -39.121  0.0000000000
13088  -37.356  -66.629  -39.583  0.0000000000
13089  -37.732  -67.029  -39.645  0.0000000000
13097  -37.554  -66.563  -40.119  0.0000000000
13098  -37.830  -66.857  -40.457  0.0000000000
13106  -37.864  -66.864  -41.216  0.0000000000
13114  -37.392  -66.416  -42.384  0.0000000000
13115  -37.698  -66.799  -42.012  0.0000000000
13124  -31.071  -66.816  -43.086  0.0000000000
13125  -31.617  -66.864  -42.917  0.0000000000
13126  -32.339  -66.865  -42.880  0.0000000000
13127  -33.139  -66.833  -42.912  0.0000000000
13128  -33.896  -66.795  -42.965  0.0000000000
13129  -34.625  -66.799  -43.115  0.0000000000
13130  -35.124  -66.601  -43.220  0.0000000000
13131  -37.383  -66.820  -42.753  0.0000000000
13132  -37.698  -67.074  -42.430  0.0000000000
13143  -30.334  -66.796  -43.896  0.0000000000
13144  -30.727  -66.902  -43.385  0.0000000000
13145  -35.085  -66.974  -43.426  0.0000000000
13146  -35.485  -66.685  -43.704  0.0000000000
13147  -36.710  -66.633  -43.801  0.0000000000
13148  -37.088  -67.092  -43.512  0.0000000000
13161  -30.116  -66.922  -44.583  0.0000000000
13162  -35.886  -66.698  -44.118  0.0000000000
13163  -36.283  -66.801  -44.136  0.0000000000
13164  -36.733  -67.117  -44.050  0.0000000000
13177  -29.677  -66.436  -45.458  0.0000000000
13178  -29.957  -66.743  -45.181  0.0000000000
13185  -29.571  -66.363  -45.715  0.0000000000
13186  -30.043  -66.760  -46.024  0.0000000000
13187  -30.590  -67.148  -46.384  0.0000000000
13193  -30.148  -66.557  -46.786  0.0000000000
13194  -30.561  -67.027  -46.843  0.0000000000
13201  -30.178  -66.350  -47.196  0.0000000000
13202  -30.516  -66.675  -47.485  0.0000000000
13211  -30.662  -66.765  -48.287  0.0000000000
13215  -30.199  -66.396  -49.524  0.0000000000
13216  -30.507  -66.816  -49.190  0.0000000000
13219  -30.129  -66.718  -49.941  0.0000000000
13220  -30.467  -67.256  -49.755  0.0000000000
14202  -36.321  -65.857  -39.700  0.0000000000
14203  -36.886  -66.307  -39.423  0.0000000000
14210  -36.526  -65.711  -40.494  0.0000000000
14211  -37.073  -66.096  -40.271  0.0000000000
14212  -37.532  -66.301  -40.652  0.0000000000
14219  -36.793  -65.719  -40.941  0.0000000000
14220  -37.216  -65.888  -41.222  0.0000000000
14221  -37.697  -66.316  -41.192  0.0000000000
14227  -37.380  -66.064  -41.964  0.0000000000
14228  -37.762  -66.430  -41.616  0.0000000000
14237  -31.214  -66.446  -43.035  0.0000000000
14238  -31.634  -66.318  -43.050  0.0000000000
14239  -32.400  -66.261  -43.061  0.0000000000
14240  -33.200  -66.261  -43.061  0.0000000000
14241  -33.986  -66.261  -43.090  0.0000000000
14242  -34.690  -66.229  -43.152  0.0000000000
14243  -35.191  -66.235  -43.326  0.0000000000
14244  -36.510  -65.716  -43.135  0.0000000000
14245  -36.953  -66.029  -42.814  0.0000000000
14256  -30.270  -65.979  -43.927  0.0000000000
14257  -30.826  -66.175  -43.440  0.0000000000
14258  -31.589  -65.848  -43.402  0.0000000000
14259  -32.400  -65.804  -43.404  0.0000000000
14260  -33.200  -65.771  -43.410  0.0000000000
14261  -34.000  -65.739  -43.377  0.0000000000
14262  -34.760  -65.763  -43.371  0.0000000000
14263  -35.507  -65.943  -43.541  0.0000000000
14264  -36.306  -66.077  -43.589  0.0000000000
14265  -36.927  -66.456  -43.345  0.0000000000
14277  -30.036  -66.287  -44.450  0.0000000000
14278  -35.859  -66.311  -43.911  0.0000000000
14279  -36.088  -66.411  -44.076  0.0000000000
14291  -29.523  -65.921  -45.430  0.0000000000
14292  -29.797  -66.006  -44.968  0.0000000000
14302  -29.525  -65.979  -46.019  0.0000000000
14303  -29.854  -66.338  -46.384  0.0000000000
14312  -29.445  -65.616  -46.416  0.0000000000
14313  -29.818  -65.975  -46.800  0.0000000000
14322  -30.186  -66.039  -47.610  0.0000000000
14323  -30.548  -66.371  -47.917  0.0000000000
14335  -30.186  -65.861  -48.310  0.0000000000
14336  -30.500  -66.199  -48.214  0.0000000000
14340  -30.137  -66.022  -49.053  0.0000000000
14341  -30.471  -66.279  -48.678  0.0000000000
15391  -36.010  -65.425  -40.308  0.0000000000
15402  -35.496  -65.051  -41.080  0.0000000000
15403  -36.295  -65.366  -41.193  0.0000000000
15404  -36.762  -65.505  -41.467  0.0000000000
15414  -35.779  -64.995  -41.942  0.0000000000
15415  -36.329  -65.267  -42.038  0.0000000000
15416  -36.924  -65.542  -41.992  0.0000000000
15424  -35.012  -64.780  -43.068  0.0000000000
15425  -35.605  -65.033  -42.744  0.0000000000
15426  -36.441  -65.464  -42.739  0.0000000000
15427  -36.980  -65.665  -42.416  0.0000000000
15438  -30.430  -65.655  -43.825  0.0000000000
15439  -30.860  -65.511  -43.804  0.0000000000
15440  -31.600  -65.396  -43.796  0.0000000000
15441  -32.400  -65.363  -43.801  0.0000000000
15442  -33.218  -65.149  -43.828  0.0000000000
15443  -34.058  -65.195  -43.599  0.0000000000
15444  -34.899  -65.134  -43.376  0.0000000000
15445  -35.826  -65.493  -43.278  0.0000000000
15446  -36.289  -65.601  -43.249  0.0000000000
15457  -30.227  -65.471  -44.339  0.0000000000
15458  -30.907  -65.078  -44.240  0.0000000000
15459  -31.665  -65.004  -44.204  0.0000000000
15460  -32.420  -64.958  -44.219  0.0000000000
15461  -32.894  -64.816  -44.229  0.0000000000
15468  -29.438  -65.356  -45.549  0.0000000000
15469  -29.796  -65.167  -45.051  0.0000000000
15484  -29.816  -65.630  -47.184  0.0000000000
16677  -34.796  -64.320  -42.067  0.0000000000
16678  -35.349  -64.673  -41.965  0.0000000000
16690  -35.060  -64.519  -42.662  0.0000000000
16691  -35.450  -64.768  -42.396  0.0000000000
16703  -33.616  -64.804  -43.853  0.0000000000
16704  -34.044  -64.509  -43.716  0.0000000000
16705  -34.612  -64.344  -43.271  0.0000000000
16716  -30.423  -64.754  -44.702  0.0000000000
16717  -31.143  -64.619  -44.658  0.0000000000
16718  -31.927  -64.636  -44.674  0.0000000000
16719  -32.638  -64.583  -44.583  0.0000000000
16720  -33.330  -64.405  -44.212  0.0000000000
16721  -33.789  -64.104  -43.956  0.0000000000
17989  -34.543  -63.955  -42.849  0.0000000000
17999  -34.036  -63.731  -43.486  0.0000000000
18000  -34.486  -63.918  -43.282  0.0000000000
18009  -33.641  -63.825  -44.041  0.0000000000
