#!ascii label  , from subject  vox2ras=TkReg
2048
20281  0.000  0.000  0.000  0.0000000000
20282  0.000  0.000  0.000  0.0000000000
20283  0.000  0.000  0.000  0.0000000000
20297  0.000  0.000  0.000  0.0000000000
20298  0.000  0.000  0.000  0.0000000000
20299  0.000  0.000  0.000  0.0000000000
20300  0.000  0.000  0.000  0.0000000000
20317  0.000  0.000  0.000  0.0000000000
20318  0.000  0.000  0.000  0.0000000000
20319  0.000  0.000  0.000  0.0000000000
20333  0.000  0.000  0.000  0.0000000000
20342  0.000  0.000  0.000  0.0000000000
21667  0.000  0.000  0.000  0.0000000000
21668  0.000  0.000  0.000  0.0000000000
21669  0.000  0.000  0.000  0.0000000000
21670  0.000  0.000  0.000  0.0000000000
21688  0.000  0.000  0.000  0.0000000000
21689  0.000  0.000  0.000  0.0000000000
21690  0.000  0.000  0.000  0.0000000000
21691  0.000  0.000  0.000  0.0000000000
21709  0.000  0.000  0.000  0.0000000000
21710  0.000  0.000  0.000  0.0000000000
21722  0.000  0.000  0.000  0.0000000000
21732  0.000  0.000  0.000  0.0000000000
23036  0.000  0.000  0.000  0.0000000000
23037  0.000  0.000  0.000  0.0000000000
23038  0.000  0.000  0.000  0.0000000000
23053  0.000  0.000  0.000  0.0000000000
23054  0.000  0.000  0.000  0.0000000000
23055  0.000  0.000  0.000  0.0000000000
23056  0.000  0.000  0.000  0.0000000000
23057  0.000  0.000  0.000  0.0000000000
23067  0.000  0.000  0.000  0.0000000000
23068  0.000  0.000  0.000  0.0000000000
23069  0.000  0.000  0.000  0.0000000000
23070  0.000  0.000  0.000  0.0000000000
23071  0.000  0.000  0.000  0.0000000000
23079  0.000  0.000  0.000  0.0000000000
23080  0.000  0.000  0.000  0.0000000000
23088  0.000  0.000  0.000  0.0000000000
23097  0.000  0.000  0.000  0.0000000000
24520  0.000  0.000  0.000  0.0000000000
24521  0.000  0.000  0.000  0.0000000000
24522  0.000  0.000  0.000  0.0000000000
24523  0.000  0.000  0.000  0.0000000000
24531  0.000  0.000  0.000  0.0000000000
24532  0.000  0.000  0.000  0.0000000000
24533  0.000  0.000  0.000  0.0000000000
24534  0.000  0.000  0.000  0.0000000000
24535  0.000  0.000  0.000  0.0000000000
24543  0.000  0.000  0.000  0.0000000000
24544  0.000  0.000  0.000  0.0000000000
24545  0.000  0.000  0.000  0.0000000000
24546  0.000  0.000  0.000  0.0000000000
24547  0.000  0.000  0.000  0.0000000000
24548  0.000  0.000  0.000  0.0000000000
24549  0.000  0.000  0.000  0.0000000000
24560  0.000  0.000  0.000  0.0000000000
24561  0.000  0.000  0.000  0.0000000000
24562  0.000  0.000  0.000  0.0000000000
24563  0.000  0.000  0.000  0.0000000000
24564  0.000  0.000  0.000  0.0000000000
24578  0.000  0.000  0.000  0.0000000000
24579  0.000  0.000  0.000  0.0000000000
24594  0.000  0.000  0.000  0.0000000000
26028  0.000  0.000  0.000  0.0000000000
26029  0.000  0.000  0.000  0.0000000000
26030  0.000  0.000  0.000  0.0000000000
26031  0.000  0.000  0.000  0.0000000000
26032  0.000  0.000  0.000  0.0000000000
26044  0.000  0.000  0.000  0.0000000000
26045  0.000  0.000  0.000  0.0000000000
26046  0.000  0.000  0.000  0.0000000000
26047  0.000  0.000  0.000  0.0000000000
26056  0.000  0.000  0.000  0.0000000000
26057  0.000  0.000  0.000  0.0000000000
26058  0.000  0.000  0.000  0.0000000000
26059  0.000  0.000  0.000  0.0000000000
26068  0.000  0.000  0.000  0.0000000000
26069  0.000  0.000  0.000  0.0000000000
26070  0.000  0.000  0.000  0.0000000000
26071  0.000  0.000  0.000  0.0000000000
26072  0.000  0.000  0.000  0.0000000000
26073  0.000  0.000  0.000  0.0000000000
26088  0.000  0.000  0.000  0.0000000000
26089  0.000  0.000  0.000  0.0000000000
26090  0.000  0.000  0.000  0.0000000000
26103  0.000  0.000  0.000  0.0000000000
26104  0.000  0.000  0.000  0.0000000000
26121  0.000  0.000  0.000  0.0000000000
27588  0.000  0.000  0.000  0.0000000000
27589  0.000  0.000  0.000  0.0000000000
27590  0.000  0.000  0.000  0.0000000000
27591  0.000  0.000  0.000  0.0000000000
27604  0.000  0.000  0.000  0.0000000000
27605  0.000  0.000  0.000  0.0000000000
27606  0.000  0.000  0.000  0.0000000000
27607  0.000  0.000  0.000  0.0000000000
27608  0.000  0.000  0.000  0.0000000000
27609  0.000  0.000  0.000  0.0000000000
27622  0.000  0.000  0.000  0.0000000000
27623  0.000  0.000  0.000  0.0000000000
27624  0.000  0.000  0.000  0.0000000000
27625  0.000  0.000  0.000  0.0000000000
27634  0.000  0.000  0.000  0.0000000000
27635  0.000  0.000  0.000  0.0000000000
27636  0.000  0.000  0.000  0.0000000000
27637  0.000  0.000  0.000  0.0000000000
27645  0.000  0.000  0.000  0.0000000000
27646  0.000  0.000  0.000  0.0000000000
27647  0.000  0.000  0.000  0.0000000000
27648  0.000  0.000  0.000  0.0000000000
27649  0.000  0.000  0.000  0.0000000000
27650  0.000  0.000  0.000  0.0000000000
27666  0.000  0.000  0.000  0.0000000000
27667  0.000  0.000  0.000  0.0000000000
27668  0.000  0.000  0.000  0.0000000000
27669  0.000  0.000  0.000  0.0000000000
27687  0.000  0.000  0.000  0.0000000000
27688  0.000  0.000  0.000  0.0000000000
27701  0.000  0.000  0.000  0.0000000000
27702  0.000  0.000  0.000  0.0000000000
27703  0.000  0.000  0.000  0.0000000000
27720  0.000  0.000  0.000  0.0000000000
29187  0.000  0.000  0.000  0.0000000000
29188  0.000  0.000  0.000  0.0000000000
29189  0.000  0.000  0.000  0.0000000000
29190  0.000  0.000  0.000  0.0000000000
29191  0.000  0.000  0.000  0.0000000000
29192  0.000  0.000  0.000  0.0000000000
29206  0.000  0.000  0.000  0.0000000000
29207  0.000  0.000  0.000  0.0000000000
29208  0.000  0.000  0.000  0.0000000000
29209  0.000  0.000  0.000  0.0000000000
29210  0.000  0.000  0.000  0.0000000000
29211  0.000  0.000  0.000  0.0000000000
29225  0.000  0.000  0.000  0.0000000000
29226  0.000  0.000  0.000  0.0000000000
29227  0.000  0.000  0.000  0.0000000000
29228  0.000  0.000  0.000  0.0000000000
29236  0.000  0.000  0.000  0.0000000000
29237  0.000  0.000  0.000  0.0000000000
29238  0.000  0.000  0.000  0.0000000000
29239  0.000  0.000  0.000  0.0000000000
29240  0.000  0.000  0.000  0.0000000000
29246  0.000  0.000  0.000  0.0000000000
29247  0.000  0.000  0.000  0.0000000000
29248  0.000  0.000  0.000  0.0000000000
29249  0.000  0.000  0.000  0.0000000000
29250  0.000  0.000  0.000  0.0000000000
29251  0.000  0.000  0.000  0.0000000000
29252  0.000  0.000  0.000  0.0000000000
29264  0.000  0.000  0.000  0.0000000000
29265  0.000  0.000  0.000  0.0000000000
29266  0.000  0.000  0.000  0.0000000000
29267  0.000  0.000  0.000  0.0000000000
29268  0.000  0.000  0.000  0.0000000000
29269  0.000  0.000  0.000  0.0000000000
29288  0.000  0.000  0.000  0.0000000000
29289  0.000  0.000  0.000  0.0000000000
29290  0.000  0.000  0.000  0.0000000000
29306  0.000  0.000  0.000  0.0000000000
29307  0.000  0.000  0.000  0.0000000000
29308  0.000  0.000  0.000  0.0000000000
29321  0.000  0.000  0.000  0.0000000000
29322  0.000  0.000  0.000  0.0000000000
29323  0.000  0.000  0.000  0.0000000000
29338  0.000  0.000  0.000  0.0000000000
29339  0.000  0.000  0.000  0.0000000000
30743  0.000  0.000  0.000  0.0000000000
30744  0.000  0.000  0.000  0.0000000000
30745  0.000  0.000  0.000  0.0000000000
30759  0.000  0.000  0.000  0.0000000000
30760  0.000  0.000  0.000  0.0000000000
30761  0.000  0.000  0.000  0.0000000000
30762  0.000  0.000  0.000  0.0000000000
30763  0.000  0.000  0.000  0.0000000000
30764  0.000  0.000  0.000  0.0000000000
30765  0.000  0.000  0.000  0.0000000000
30781  0.000  0.000  0.000  0.0000000000
30782  0.000  0.000  0.000  0.0000000000
30783  0.000  0.000  0.000  0.0000000000
30784  0.000  0.000  0.000  0.0000000000
30785  0.000  0.000  0.000  0.0000000000
30798  0.000  0.000  0.000  0.0000000000
30799  0.000  0.000  0.000  0.0000000000
30800  0.000  0.000  0.000  0.0000000000
30801  0.000  0.000  0.000  0.0000000000
30809  0.000  0.000  0.000  0.0000000000
30810  0.000  0.000  0.000  0.0000000000
30811  0.000  0.000  0.000  0.0000000000
30812  0.000  0.000  0.000  0.0000000000
30820  0.000  0.000  0.000  0.0000000000
30821  0.000  0.000  0.000  0.0000000000
30822  0.000  0.000  0.000  0.0000000000
30823  0.000  0.000  0.000  0.0000000000
30824  0.000  0.000  0.000  0.0000000000
30831  0.000  0.000  0.000  0.0000000000
30832  0.000  0.000  0.000  0.0000000000
30833  0.000  0.000  0.000  0.0000000000
30834  0.000  0.000  0.000  0.0000000000
30835  0.000  0.000  0.000  0.0000000000
30836  0.000  0.000  0.000  0.0000000000
30850  0.000  0.000  0.000  0.0000000000
30851  0.000  0.000  0.000  0.0000000000
30852  0.000  0.000  0.000  0.0000000000
30853  0.000  0.000  0.000  0.0000000000
30866  0.000  0.000  0.000  0.0000000000
30867  0.000  0.000  0.000  0.0000000000
30868  0.000  0.000  0.000  0.0000000000
30869  0.000  0.000  0.000  0.0000000000
30875  0.000  0.000  0.000  0.0000000000
30876  0.000  0.000  0.000  0.0000000000
30877  0.000  0.000  0.000  0.0000000000
30878  0.000  0.000  0.000  0.0000000000
30886  0.000  0.000  0.000  0.0000000000
30887  0.000  0.000  0.000  0.0000000000
30888  0.000  0.000  0.000  0.0000000000
30889  0.000  0.000  0.000  0.0000000000
30898  0.000  0.000  0.000  0.0000000000
30899  0.000  0.000  0.000  0.0000000000
32260  0.000  0.000  0.000  0.0000000000
32261  0.000  0.000  0.000  0.0000000000
32262  0.000  0.000  0.000  0.0000000000
32263  0.000  0.000  0.000  0.0000000000
32264  0.000  0.000  0.000  0.0000000000
32265  0.000  0.000  0.000  0.0000000000
32266  0.000  0.000  0.000  0.0000000000
32282  0.000  0.000  0.000  0.0000000000
32283  0.000  0.000  0.000  0.0000000000
32284  0.000  0.000  0.000  0.0000000000
32285  0.000  0.000  0.000  0.0000000000
32286  0.000  0.000  0.000  0.0000000000
32287  0.000  0.000  0.000  0.0000000000
32288  0.000  0.000  0.000  0.0000000000
32289  0.000  0.000  0.000  0.0000000000
32305  0.000  0.000  0.000  0.0000000000
32306  0.000  0.000  0.000  0.0000000000
32307  0.000  0.000  0.000  0.0000000000
32308  0.000  0.000  0.000  0.0000000000
32309  0.000  0.000  0.000  0.0000000000
32310  0.000  0.000  0.000  0.0000000000
32321  0.000  0.000  0.000  0.0000000000
32322  0.000  0.000  0.000  0.0000000000
32323  0.000  0.000  0.000  0.0000000000
32324  0.000  0.000  0.000  0.0000000000
32325  0.000  0.000  0.000  0.0000000000
32333  0.000  0.000  0.000  0.0000000000
32334  0.000  0.000  0.000  0.0000000000
32335  0.000  0.000  0.000  0.0000000000
32336  0.000  0.000  0.000  0.0000000000
32347  0.000  0.000  0.000  0.0000000000
32348  0.000  0.000  0.000  0.0000000000
32349  0.000  0.000  0.000  0.0000000000
32350  0.000  0.000  0.000  0.0000000000
32361  0.000  0.000  0.000  0.0000000000
32362  0.000  0.000  0.000  0.0000000000
32363  0.000  0.000  0.000  0.0000000000
32364  0.000  0.000  0.000  0.0000000000
32365  0.000  0.000  0.000  0.0000000000
32378  0.000  0.000  0.000  0.0000000000
32379  0.000  0.000  0.000  0.0000000000
32380  0.000  0.000  0.000  0.0000000000
32393  0.000  0.000  0.000  0.0000000000
32399  0.000  0.000  0.000  0.0000000000
32400  0.000  0.000  0.000  0.0000000000
32409  0.000  0.000  0.000  0.0000000000
32410  0.000  0.000  0.000  0.0000000000
32411  0.000  0.000  0.000  0.0000000000
32412  0.000  0.000  0.000  0.0000000000
32424  0.000  0.000  0.000  0.0000000000
32425  0.000  0.000  0.000  0.0000000000
32426  0.000  0.000  0.000  0.0000000000
32427  0.000  0.000  0.000  0.0000000000
32444  0.000  0.000  0.000  0.0000000000
32445  0.000  0.000  0.000  0.0000000000
32446  0.000  0.000  0.000  0.0000000000
33712  0.000  0.000  0.000  0.0000000000
33713  0.000  0.000  0.000  0.0000000000
33714  0.000  0.000  0.000  0.0000000000
33715  0.000  0.000  0.000  0.0000000000
33716  0.000  0.000  0.000  0.0000000000
33717  0.000  0.000  0.000  0.0000000000
33718  0.000  0.000  0.000  0.0000000000
33719  0.000  0.000  0.000  0.0000000000
33738  0.000  0.000  0.000  0.0000000000
33739  0.000  0.000  0.000  0.0000000000
33740  0.000  0.000  0.000  0.0000000000
33741  0.000  0.000  0.000  0.0000000000
33742  0.000  0.000  0.000  0.0000000000
33759  0.000  0.000  0.000  0.0000000000
33760  0.000  0.000  0.000  0.0000000000
33761  0.000  0.000  0.000  0.0000000000
33762  0.000  0.000  0.000  0.0000000000
33763  0.000  0.000  0.000  0.0000000000
33764  0.000  0.000  0.000  0.0000000000
33765  0.000  0.000  0.000  0.0000000000
33775  0.000  0.000  0.000  0.0000000000
33776  0.000  0.000  0.000  0.0000000000
33777  0.000  0.000  0.000  0.0000000000
33778  0.000  0.000  0.000  0.0000000000
33779  0.000  0.000  0.000  0.0000000000
33780  0.000  0.000  0.000  0.0000000000
33781  0.000  0.000  0.000  0.0000000000
33782  0.000  0.000  0.000  0.0000000000
33783  0.000  0.000  0.000  0.0000000000
33784  0.000  0.000  0.000  0.0000000000
33793  0.000  0.000  0.000  0.0000000000
33794  0.000  0.000  0.000  0.0000000000
33795  0.000  0.000  0.000  0.0000000000
33796  0.000  0.000  0.000  0.0000000000
33797  0.000  0.000  0.000  0.0000000000
33798  0.000  0.000  0.000  0.0000000000
33799  0.000  0.000  0.000  0.0000000000
33800  0.000  0.000  0.000  0.0000000000
33801  0.000  0.000  0.000  0.0000000000
33802  0.000  0.000  0.000  0.0000000000
33803  0.000  0.000  0.000  0.0000000000
33804  0.000  0.000  0.000  0.0000000000
33815  0.000  0.000  0.000  0.0000000000
33816  0.000  0.000  0.000  0.0000000000
33817  0.000  0.000  0.000  0.0000000000
33818  0.000  0.000  0.000  0.0000000000
33819  0.000  0.000  0.000  0.0000000000
33820  0.000  0.000  0.000  0.0000000000
33821  0.000  0.000  0.000  0.0000000000
33822  0.000  0.000  0.000  0.0000000000
33823  0.000  0.000  0.000  0.0000000000
33824  0.000  0.000  0.000  0.0000000000
33825  0.000  0.000  0.000  0.0000000000
33835  0.000  0.000  0.000  0.0000000000
33836  0.000  0.000  0.000  0.0000000000
33837  0.000  0.000  0.000  0.0000000000
33838  0.000  0.000  0.000  0.0000000000
33839  0.000  0.000  0.000  0.0000000000
33840  0.000  0.000  0.000  0.0000000000
33841  0.000  0.000  0.000  0.0000000000
33842  0.000  0.000  0.000  0.0000000000
33843  0.000  0.000  0.000  0.0000000000
33844  0.000  0.000  0.000  0.0000000000
33845  0.000  0.000  0.000  0.0000000000
33846  0.000  0.000  0.000  0.0000000000
33860  0.000  0.000  0.000  0.0000000000
33861  0.000  0.000  0.000  0.0000000000
33862  0.000  0.000  0.000  0.0000000000
33863  0.000  0.000  0.000  0.0000000000
33864  0.000  0.000  0.000  0.0000000000
33865  0.000  0.000  0.000  0.0000000000
33866  0.000  0.000  0.000  0.0000000000
33867  0.000  0.000  0.000  0.0000000000
33880  0.000  0.000  0.000  0.0000000000
33887  0.000  0.000  0.000  0.0000000000
33896  0.000  0.000  0.000  0.0000000000
33897  0.000  0.000  0.000  0.0000000000
33905  0.000  0.000  0.000  0.0000000000
33906  0.000  0.000  0.000  0.0000000000
33907  0.000  0.000  0.000  0.0000000000
33910  0.000  0.000  0.000  0.0000000000
33911  0.000  0.000  0.000  0.0000000000
33912  0.000  0.000  0.000  0.0000000000
33913  0.000  0.000  0.000  0.0000000000
33923  0.000  0.000  0.000  0.0000000000
33924  0.000  0.000  0.000  0.0000000000
33939  0.000  0.000  0.000  0.0000000000
35213  0.000  0.000  0.000  0.0000000000
35214  0.000  0.000  0.000  0.0000000000
35215  0.000  0.000  0.000  0.0000000000
35216  0.000  0.000  0.000  0.0000000000
35217  0.000  0.000  0.000  0.0000000000
35218  0.000  0.000  0.000  0.0000000000
35219  0.000  0.000  0.000  0.0000000000
35220  0.000  0.000  0.000  0.0000000000
35221  0.000  0.000  0.000  0.0000000000
35240  0.000  0.000  0.000  0.0000000000
35241  0.000  0.000  0.000  0.0000000000
35242  0.000  0.000  0.000  0.0000000000
35243  0.000  0.000  0.000  0.0000000000
35244  0.000  0.000  0.000  0.0000000000
35256  0.000  0.000  0.000  0.0000000000
35257  0.000  0.000  0.000  0.0000000000
35258  0.000  0.000  0.000  0.0000000000
35259  0.000  0.000  0.000  0.0000000000
35260  0.000  0.000  0.000  0.0000000000
35261  0.000  0.000  0.000  0.0000000000
35262  0.000  0.000  0.000  0.0000000000
35272  0.000  0.000  0.000  0.0000000000
35273  0.000  0.000  0.000  0.0000000000
35274  0.000  0.000  0.000  0.0000000000
35275  0.000  0.000  0.000  0.0000000000
35276  0.000  0.000  0.000  0.0000000000
35277  0.000  0.000  0.000  0.0000000000
35278  0.000  0.000  0.000  0.0000000000
35279  0.000  0.000  0.000  0.0000000000
35288  0.000  0.000  0.000  0.0000000000
35289  0.000  0.000  0.000  0.0000000000
35290  0.000  0.000  0.000  0.0000000000
35291  0.000  0.000  0.000  0.0000000000
35292  0.000  0.000  0.000  0.0000000000
35293  0.000  0.000  0.000  0.0000000000
35303  0.000  0.000  0.000  0.0000000000
35304  0.000  0.000  0.000  0.0000000000
35305  0.000  0.000  0.000  0.0000000000
35306  0.000  0.000  0.000  0.0000000000
35307  0.000  0.000  0.000  0.0000000000
35308  0.000  0.000  0.000  0.0000000000
35309  0.000  0.000  0.000  0.0000000000
35323  0.000  0.000  0.000  0.0000000000
35324  0.000  0.000  0.000  0.0000000000
35325  0.000  0.000  0.000  0.0000000000
35326  0.000  0.000  0.000  0.0000000000
35327  0.000  0.000  0.000  0.0000000000
35328  0.000  0.000  0.000  0.0000000000
35329  0.000  0.000  0.000  0.0000000000
35330  0.000  0.000  0.000  0.0000000000
35331  0.000  0.000  0.000  0.0000000000
35332  0.000  0.000  0.000  0.0000000000
35333  0.000  0.000  0.000  0.0000000000
35351  0.000  0.000  0.000  0.0000000000
35352  0.000  0.000  0.000  0.0000000000
35353  0.000  0.000  0.000  0.0000000000
35354  0.000  0.000  0.000  0.0000000000
35355  0.000  0.000  0.000  0.0000000000
35356  0.000  0.000  0.000  0.0000000000
35357  0.000  0.000  0.000  0.0000000000
35358  0.000  0.000  0.000  0.0000000000
35359  0.000  0.000  0.000  0.0000000000
35360  0.000  0.000  0.000  0.0000000000
35361  0.000  0.000  0.000  0.0000000000
35362  0.000  0.000  0.000  0.0000000000
35379  0.000  0.000  0.000  0.0000000000
35380  0.000  0.000  0.000  0.0000000000
35381  0.000  0.000  0.000  0.0000000000
35382  0.000  0.000  0.000  0.0000000000
35383  0.000  0.000  0.000  0.0000000000
35384  0.000  0.000  0.000  0.0000000000
35385  0.000  0.000  0.000  0.0000000000
35386  0.000  0.000  0.000  0.0000000000
35387  0.000  0.000  0.000  0.0000000000
35388  0.000  0.000  0.000  0.0000000000
35389  0.000  0.000  0.000  0.0000000000
35397  0.000  0.000  0.000  0.0000000000
35398  0.000  0.000  0.000  0.0000000000
35399  0.000  0.000  0.000  0.0000000000
35400  0.000  0.000  0.000  0.0000000000
35401  0.000  0.000  0.000  0.0000000000
35402  0.000  0.000  0.000  0.0000000000
35403  0.000  0.000  0.000  0.0000000000
35404  0.000  0.000  0.000  0.0000000000
35405  0.000  0.000  0.000  0.0000000000
35406  0.000  0.000  0.000  0.0000000000
35415  0.000  0.000  0.000  0.0000000000
35416  0.000  0.000  0.000  0.0000000000
35417  0.000  0.000  0.000  0.0000000000
35418  0.000  0.000  0.000  0.0000000000
35419  0.000  0.000  0.000  0.0000000000
35420  0.000  0.000  0.000  0.0000000000
35421  0.000  0.000  0.000  0.0000000000
35422  0.000  0.000  0.000  0.0000000000
35423  0.000  0.000  0.000  0.0000000000
35427  0.000  0.000  0.000  0.0000000000
35428  0.000  0.000  0.000  0.0000000000
35429  0.000  0.000  0.000  0.0000000000
35430  0.000  0.000  0.000  0.0000000000
35433  0.000  0.000  0.000  0.0000000000
35434  0.000  0.000  0.000  0.0000000000
35438  0.000  0.000  0.000  0.0000000000
35439  0.000  0.000  0.000  0.0000000000
35451  0.000  0.000  0.000  0.0000000000
35452  0.000  0.000  0.000  0.0000000000
35466  0.000  0.000  0.000  0.0000000000
36703  0.000  0.000  0.000  0.0000000000
36704  0.000  0.000  0.000  0.0000000000
36705  0.000  0.000  0.000  0.0000000000
36706  0.000  0.000  0.000  0.0000000000
36707  0.000  0.000  0.000  0.0000000000
36708  0.000  0.000  0.000  0.0000000000
36709  0.000  0.000  0.000  0.0000000000
36710  0.000  0.000  0.000  0.0000000000
36711  0.000  0.000  0.000  0.0000000000
36712  0.000  0.000  0.000  0.0000000000
36730  0.000  0.000  0.000  0.0000000000
36731  0.000  0.000  0.000  0.0000000000
36732  0.000  0.000  0.000  0.0000000000
36733  0.000  0.000  0.000  0.0000000000
36734  0.000  0.000  0.000  0.0000000000
36735  0.000  0.000  0.000  0.0000000000
36743  0.000  0.000  0.000  0.0000000000
36744  0.000  0.000  0.000  0.0000000000
36745  0.000  0.000  0.000  0.0000000000
36746  0.000  0.000  0.000  0.0000000000
36747  0.000  0.000  0.000  0.0000000000
36748  0.000  0.000  0.000  0.0000000000
36749  0.000  0.000  0.000  0.0000000000
36750  0.000  0.000  0.000  0.0000000000
36759  0.000  0.000  0.000  0.0000000000
36760  0.000  0.000  0.000  0.0000000000
36761  0.000  0.000  0.000  0.0000000000
36762  0.000  0.000  0.000  0.0000000000
36763  0.000  0.000  0.000  0.0000000000
36764  0.000  0.000  0.000  0.0000000000
36765  0.000  0.000  0.000  0.0000000000
36766  0.000  0.000  0.000  0.0000000000
36775  0.000  0.000  0.000  0.0000000000
36776  0.000  0.000  0.000  0.0000000000
36777  0.000  0.000  0.000  0.0000000000
36778  0.000  0.000  0.000  0.0000000000
36789  0.000  0.000  0.000  0.0000000000
36790  0.000  0.000  0.000  0.0000000000
36791  0.000  0.000  0.000  0.0000000000
36801  -42.350  -52.747  -19.893  0.0000000000
36802  0.000  0.000  0.000  0.0000000000
36803  0.000  0.000  0.000  0.0000000000
36804  0.000  0.000  0.000  0.0000000000
36821  0.000  0.000  0.000  0.0000000000
36822  0.000  0.000  0.000  0.0000000000
36823  0.000  0.000  0.000  0.0000000000
36843  0.000  0.000  0.000  0.0000000000
36844  0.000  0.000  0.000  0.0000000000
36845  0.000  0.000  0.000  0.0000000000
36859  0.000  0.000  0.000  0.0000000000
36860  0.000  0.000  0.000  0.0000000000
36861  0.000  0.000  0.000  0.0000000000
36862  0.000  0.000  0.000  0.0000000000
36863  0.000  0.000  0.000  0.0000000000
36864  0.000  0.000  0.000  0.0000000000
36873  0.000  0.000  0.000  0.0000000000
36874  0.000  0.000  0.000  0.0000000000
36875  0.000  0.000  0.000  0.0000000000
36876  0.000  0.000  0.000  0.0000000000
36877  0.000  0.000  0.000  0.0000000000
36878  0.000  0.000  0.000  0.0000000000
36879  0.000  0.000  0.000  0.0000000000
36880  0.000  0.000  0.000  0.0000000000
36886  0.000  0.000  0.000  0.0000000000
36887  0.000  0.000  0.000  0.0000000000
36888  0.000  0.000  0.000  0.0000000000
36889  0.000  0.000  0.000  0.0000000000
36890  0.000  0.000  0.000  0.0000000000
36891  0.000  0.000  0.000  0.0000000000
36892  0.000  0.000  0.000  0.0000000000
36893  0.000  0.000  0.000  0.0000000000
36894  0.000  0.000  0.000  0.0000000000
36899  0.000  0.000  0.000  0.0000000000
36900  0.000  0.000  0.000  0.0000000000
36901  0.000  0.000  0.000  0.0000000000
36902  0.000  0.000  0.000  0.0000000000
36903  0.000  0.000  0.000  0.0000000000
36904  0.000  0.000  0.000  0.0000000000
36905  0.000  0.000  0.000  0.0000000000
36906  0.000  0.000  0.000  0.0000000000
36907  0.000  0.000  0.000  0.0000000000
36914  0.000  0.000  0.000  0.0000000000
36915  0.000  0.000  0.000  0.0000000000
36916  0.000  0.000  0.000  0.0000000000
36920  0.000  0.000  0.000  0.0000000000
36921  0.000  0.000  0.000  0.0000000000
36931  0.000  0.000  0.000  0.0000000000
38178  0.000  0.000  0.000  0.0000000000
38179  0.000  0.000  0.000  0.0000000000
38196  0.000  0.000  0.000  0.0000000000
38197  0.000  0.000  0.000  0.0000000000
38198  0.000  0.000  0.000  0.0000000000
38199  0.000  0.000  0.000  0.0000000000
38200  0.000  0.000  0.000  0.0000000000
38201  0.000  0.000  0.000  0.0000000000
38202  0.000  0.000  0.000  0.0000000000
38203  0.000  0.000  0.000  0.0000000000
38204  0.000  0.000  0.000  0.0000000000
38205  0.000  0.000  0.000  0.0000000000
38222  0.000  0.000  0.000  0.0000000000
38223  0.000  0.000  0.000  0.0000000000
38224  0.000  0.000  0.000  0.0000000000
38225  0.000  0.000  0.000  0.0000000000
38235  0.000  0.000  0.000  0.0000000000
38236  0.000  0.000  0.000  0.0000000000
38237  0.000  0.000  0.000  0.0000000000
38238  0.000  0.000  0.000  0.0000000000
38239  0.000  0.000  0.000  0.0000000000
38240  0.000  0.000  0.000  0.0000000000
38249  0.000  0.000  0.000  0.0000000000
38250  0.000  0.000  0.000  0.0000000000
38251  0.000  0.000  0.000  0.0000000000
38252  0.000  0.000  0.000  0.0000000000
38253  0.000  0.000  0.000  0.0000000000
38254  0.000  0.000  0.000  0.0000000000
38265  0.000  0.000  0.000  0.0000000000
38266  0.000  0.000  0.000  0.0000000000
38267  0.000  0.000  0.000  0.0000000000
38279  -42.287  -52.038  -19.169  0.0000000000
38280  -42.773  -52.282  -18.799  0.0000000000
38281  0.000  0.000  0.000  0.0000000000
38294  -42.347  -52.451  -19.505  0.0000000000
38295  -42.688  -52.672  -19.249  0.0000000000
38309  -42.222  -52.417  -20.279  0.0000000000
38310  0.000  0.000  0.000  0.0000000000
38322  -42.221  -52.229  -21.142  0.0000000000
38323  0.000  0.000  0.000  0.0000000000
38336  -42.261  -52.164  -21.987  0.0000000000
38337  -42.869  -52.579  -21.855  0.0000000000
38338  0.000  0.000  0.000  0.0000000000
38348  -42.261  -52.139  -22.800  0.0000000000
38349  -42.877  -52.394  -22.776  0.0000000000
38350  0.000  0.000  0.000  0.0000000000
38351  0.000  0.000  0.000  0.0000000000
38358  -42.239  -52.100  -23.554  0.0000000000
38359  -42.853  -52.309  -23.600  0.0000000000
38360  0.000  0.000  0.000  0.0000000000
38361  0.000  0.000  0.000  0.0000000000
38367  -42.174  -51.980  -24.016  0.0000000000
38368  -42.707  -52.110  -24.348  0.0000000000
38369  -43.535  -52.335  -24.335  0.0000000000
38370  -44.440  -52.537  -24.314  0.0000000000
38371  0.000  0.000  0.000  0.0000000000
38372  0.000  0.000  0.000  0.0000000000
38373  -46.996  -52.596  -24.596  0.0000000000
38374  0.000  0.000  0.000  0.0000000000
38375  0.000  0.000  0.000  0.0000000000
38381  -42.893  -51.988  -24.868  0.0000000000
38382  -43.329  -52.068  -24.906  0.0000000000
38383  -44.086  -52.164  -24.939  0.0000000000
38384  -44.919  -52.197  -24.971  0.0000000000
38385  -45.739  -52.204  -25.004  0.0000000000
38386  -46.539  -52.204  -25.004  0.0000000000
38387  0.000  0.000  0.000  0.0000000000
38388  0.000  0.000  0.000  0.0000000000
38389  0.000  0.000  0.000  0.0000000000
38390  0.000  0.000  0.000  0.0000000000
38394  0.000  0.000  0.000  0.0000000000
38395  0.000  0.000  0.000  0.0000000000
38396  0.000  0.000  0.000  0.0000000000
38402  0.000  0.000  0.000  0.0000000000
38403  0.000  0.000  0.000  0.0000000000
38419  -49.627  -52.027  -27.556  0.0000000000
39650  0.000  0.000  0.000  0.0000000000
39651  0.000  0.000  0.000  0.0000000000
39652  0.000  0.000  0.000  0.0000000000
39666  0.000  0.000  0.000  0.0000000000
39667  0.000  0.000  0.000  0.0000000000
39668  0.000  0.000  0.000  0.0000000000
39669  0.000  0.000  0.000  0.0000000000
39670  0.000  0.000  0.000  0.0000000000
39671  0.000  0.000  0.000  0.0000000000
39672  0.000  0.000  0.000  0.0000000000
39673  0.000  0.000  0.000  0.0000000000
39674  0.000  0.000  0.000  0.0000000000
39693  0.000  0.000  0.000  0.0000000000
39694  0.000  0.000  0.000  0.0000000000
39695  0.000  0.000  0.000  0.0000000000
39696  0.000  0.000  0.000  0.0000000000
39709  0.000  0.000  0.000  0.0000000000
39710  0.000  0.000  0.000  0.0000000000
39711  0.000  0.000  0.000  0.0000000000
39712  0.000  0.000  0.000  0.0000000000
39713  0.000  0.000  0.000  0.0000000000
39714  0.000  0.000  0.000  0.0000000000
39715  0.000  0.000  0.000  0.0000000000
39731  0.000  0.000  0.000  0.0000000000
39732  0.000  0.000  0.000  0.0000000000
39733  0.000  0.000  0.000  0.0000000000
39734  0.000  0.000  0.000  0.0000000000
39749  -43.133  -51.562  -18.097  0.0000000000
39750  0.000  0.000  0.000  0.0000000000
39761  -42.318  -51.601  -18.902  0.0000000000
39762  -42.733  -51.589  -18.502  0.0000000000
39774  -41.565  -51.362  -19.882  0.0000000000
39775  -41.986  -51.706  -19.548  0.0000000000
39781  -40.898  -51.271  -20.699  0.0000000000
39782  -41.306  -51.405  -20.456  0.0000000000
39783  -41.823  -51.807  -20.413  0.0000000000
39792  -40.734  -51.258  -21.290  0.0000000000
39793  -41.239  -51.566  -21.238  0.0000000000
39794  -41.753  -51.833  -21.200  0.0000000000
39803  -40.587  -51.251  -22.180  0.0000000000
39804  -41.196  -51.590  -22.014  0.0000000000
39805  -41.739  -51.861  -22.000  0.0000000000
39817  -40.689  -51.286  -23.065  0.0000000000
39818  -41.196  -51.564  -22.860  0.0000000000
39819  -41.739  -51.861  -22.800  0.0000000000
39827  -40.730  -51.228  -23.525  0.0000000000
39828  -41.216  -51.383  -23.718  0.0000000000
39829  -41.762  -51.790  -23.567  0.0000000000
39836  -41.484  -51.274  -24.279  0.0000000000
39837  -41.980  -51.570  -24.401  0.0000000000
39838  -42.582  -51.784  -24.784  0.0000000000
39848  -42.354  -51.411  -25.015  0.0000000000
39849  -42.906  -51.564  -25.278  0.0000000000
39850  -43.637  -51.758  -25.371  0.0000000000
39851  -44.400  -51.796  -25.396  0.0000000000
39852  -45.200  -51.796  -25.396  0.0000000000
39853  -46.000  -51.796  -25.396  0.0000000000
39854  -46.800  -51.796  -25.396  0.0000000000
39855  0.000  0.000  0.000  0.0000000000
39856  0.000  0.000  0.000  0.0000000000
39865  -43.320  -51.327  -25.742  0.0000000000
39866  -43.951  -51.399  -25.799  0.0000000000
39867  -44.727  -51.404  -25.804  0.0000000000
39868  -45.527  -51.404  -25.804  0.0000000000
39869  -46.327  -51.404  -25.804  0.0000000000
39870  0.000  0.000  0.000  0.0000000000
39871  0.000  0.000  0.000  0.0000000000
39872  0.000  0.000  0.000  0.0000000000
39873  0.000  0.000  0.000  0.0000000000
39883  -48.102  -51.304  -26.493  0.0000000000
39884  0.000  0.000  0.000  0.0000000000
39885  0.000  0.000  0.000  0.0000000000
39886  0.000  0.000  0.000  0.0000000000
39898  -49.520  -51.920  -27.742  0.0000000000
39899  -49.671  -51.535  -27.679  0.0000000000
39916  -49.606  -51.262  -28.178  0.0000000000
41204  0.000  0.000  0.000  0.0000000000
41205  0.000  0.000  0.000  0.0000000000
41206  0.000  0.000  0.000  0.0000000000
41207  0.000  0.000  0.000  0.0000000000
41220  0.000  0.000  0.000  0.0000000000
41221  0.000  0.000  0.000  0.0000000000
41222  0.000  0.000  0.000  0.0000000000
41223  0.000  0.000  0.000  0.0000000000
41224  0.000  0.000  0.000  0.0000000000
41225  0.000  0.000  0.000  0.0000000000
41226  0.000  0.000  0.000  0.0000000000
41227  0.000  0.000  0.000  0.0000000000
41246  0.000  0.000  0.000  0.0000000000
41247  0.000  0.000  0.000  0.0000000000
41248  0.000  0.000  0.000  0.0000000000
41249  0.000  0.000  0.000  0.0000000000
41250  0.000  0.000  0.000  0.0000000000
41266  0.000  0.000  0.000  0.0000000000
41267  -44.665  -50.763  -16.707  0.0000000000
41268  0.000  0.000  0.000  0.0000000000
41269  0.000  0.000  0.000  0.0000000000
41270  0.000  0.000  0.000  0.0000000000
41288  -43.729  -50.729  -17.459  0.0000000000
41289  0.000  0.000  0.000  0.0000000000
41304  -42.250  -50.328  -18.412  0.0000000000
41305  -42.723  -50.817  -18.254  0.0000000000
41306  -43.310  -50.956  -17.867  0.0000000000
41320  -41.462  -50.480  -19.192  0.0000000000
41321  -41.929  -50.839  -18.951  0.0000000000
41322  -42.447  -51.184  -18.630  0.0000000000
41329  -40.682  -50.416  -19.993  0.0000000000
41330  -41.194  -50.758  -19.734  0.0000000000
41331  -41.649  -51.148  -19.473  0.0000000000
41337  -40.599  -50.745  -20.511  0.0000000000
41338  -40.937  -51.091  -20.294  0.0000000000
41347  -39.853  -50.370  -21.597  0.0000000000
41348  -40.210  -50.695  -21.443  0.0000000000
41356  -39.841  -50.479  -22.025  0.0000000000
41357  -40.116  -50.867  -22.202  0.0000000000
41367  -39.856  -50.525  -22.754  0.0000000000
41368  -40.213  -50.968  -22.866  0.0000000000
41380  -39.927  -50.556  -23.510  0.0000000000
41381  -40.346  -50.945  -23.589  0.0000000000
41382  -40.753  -51.061  -23.883  0.0000000000
41394  -40.058  -50.578  -23.980  0.0000000000
41395  -40.408  -50.655  -24.261  0.0000000000
41396  -41.061  -50.946  -24.383  0.0000000000
41397  -41.553  -51.091  -24.668  0.0000000000
41413  -40.680  -50.509  -24.765  0.0000000000
41414  -41.181  -50.632  -25.070  0.0000000000
41415  -41.871  -50.971  -25.142  0.0000000000
41416  -42.398  -51.062  -25.443  0.0000000000
41429  -41.483  -50.534  -25.532  0.0000000000
41430  -42.012  -50.625  -25.752  0.0000000000
41431  -42.809  -50.800  -26.009  0.0000000000
41432  -43.624  -50.958  -26.158  0.0000000000
41433  -44.400  -50.996  -26.196  0.0000000000
41434  -45.200  -50.996  -26.196  0.0000000000
41435  -46.020  -51.003  -26.229  0.0000000000
41436  -46.807  -51.074  -26.239  0.0000000000
41437  0.000  0.000  0.000  0.0000000000
41446  -42.929  -50.434  -26.449  0.0000000000
41447  -43.372  -50.526  -26.536  0.0000000000
41448  -44.139  -50.604  -26.604  0.0000000000
41449  -44.939  -50.604  -26.604  0.0000000000
41450  -45.759  -50.611  -26.637  0.0000000000
41451  -46.676  -50.648  -26.816  0.0000000000
41452  -47.559  -50.961  -26.689  0.0000000000
41453  -48.424  -50.983  -26.945  0.0000000000
41454  -49.130  -51.074  -26.997  0.0000000000
41455  -49.537  -51.230  -27.008  0.0000000000
41462  -46.914  -50.399  -27.199  0.0000000000
41463  -47.362  -50.460  -27.222  0.0000000000
41464  -48.120  -50.532  -27.322  0.0000000000
41465  -48.882  -50.604  -27.407  0.0000000000
41466  -49.557  -50.891  -27.503  0.0000000000
41473  -49.741  -50.789  -28.197  0.0000000000
41559  -42.514  -50.562  -31.852  0.0000000000
42819  0.000  0.000  0.000  0.0000000000
42820  0.000  0.000  0.000  0.0000000000
42821  0.000  0.000  0.000  0.0000000000
42822  0.000  0.000  0.000  0.0000000000
42823  0.000  0.000  0.000  0.0000000000
42832  0.000  0.000  0.000  0.0000000000
42833  0.000  0.000  0.000  0.0000000000
42834  0.000  0.000  0.000  0.0000000000
42835  0.000  0.000  0.000  0.0000000000
42836  0.000  0.000  0.000  0.0000000000
42837  0.000  0.000  0.000  0.0000000000
42838  0.000  0.000  0.000  0.0000000000
42839  0.000  0.000  0.000  0.0000000000
42856  0.000  0.000  0.000  0.0000000000
42857  0.000  0.000  0.000  0.0000000000
42858  0.000  0.000  0.000  0.0000000000
42859  0.000  0.000  0.000  0.0000000000
42879  -44.552  -49.861  -16.708  0.0000000000
42880  -45.061  -49.981  -16.476  0.0000000000
42881  0.000  0.000  0.000  0.0000000000
42897  -43.770  -49.906  -17.524  0.0000000000
42898  -44.158  -50.117  -17.104  0.0000000000
42910  -42.225  -49.854  -18.400  0.0000000000
42911  -42.643  -50.009  -18.156  0.0000000000
42912  -43.282  -50.129  -17.880  0.0000000000
42924  -41.597  -50.340  -19.017  0.0000000000
42925  -41.880  -50.057  -18.822  0.0000000000
42936  -40.868  -49.992  -19.787  0.0000000000
42937  -41.415  -49.976  -19.328  0.0000000000
42938  -41.793  -49.654  -19.117  0.0000000000
42944  -40.548  -49.992  -20.236  0.0000000000
42951  -39.956  -49.940  -21.330  0.0000000000
42952  -40.302  -50.000  -20.812  0.0000000000
42961  -39.733  -49.907  -21.844  0.0000000000
42973  -39.665  -49.935  -22.539  0.0000000000
42984  -39.700  -49.946  -23.360  0.0000000000
42996  -39.937  -50.021  -24.305  0.0000000000
42997  -40.324  -50.307  -24.683  0.0000000000
43015  -39.916  -49.572  -24.989  0.0000000000
43016  -40.504  -50.006  -25.306  0.0000000000
43017  -41.094  -50.326  -25.499  0.0000000000
43029  -40.748  -49.686  -26.183  0.0000000000
43030  -41.369  -50.127  -25.974  0.0000000000
43031  -42.261  -50.267  -26.252  0.0000000000
43032  -42.700  -50.366  -26.380  0.0000000000
43037  -40.875  -49.525  -26.562  0.0000000000
43038  -41.291  -49.653  -26.516  0.0000000000
43039  -42.023  -49.764  -26.582  0.0000000000
43040  -42.929  -49.950  -26.844  0.0000000000
43041  -43.839  -50.163  -26.974  0.0000000000
43042  -44.661  -50.196  -26.996  0.0000000000
43043  -45.461  -50.196  -26.996  0.0000000000
43044  -46.238  -50.249  -27.049  0.0000000000
43045  -46.686  -50.330  -27.130  0.0000000000
43048  -43.244  -49.570  -27.331  0.0000000000
43049  -43.670  -49.712  -27.326  0.0000000000
43050  -44.414  -49.758  -27.339  0.0000000000
43051  -45.204  -49.739  -27.353  0.0000000000
43052  -46.017  -49.804  -27.393  0.0000000000
43053  -46.873  -50.025  -27.428  0.0000000000
43054  -47.733  -50.005  -27.609  0.0000000000
43055  -48.471  -49.971  -27.771  0.0000000000
43056  -49.195  -50.196  -27.818  0.0000000000
43057  -49.649  -50.311  -28.037  0.0000000000
43067  -48.867  -49.689  -28.089  0.0000000000
43068  -49.405  -49.771  -28.233  0.0000000000
43069  -49.769  -49.994  -28.559  0.0000000000
43115  -41.739  -49.804  -30.996  0.0000000000
43116  -42.539  -49.804  -30.996  0.0000000000
43117  -43.309  -49.762  -31.041  0.0000000000
43118  -43.940  -49.651  -31.164  0.0000000000
43145  -42.196  -50.196  -31.404  0.0000000000
43146  -42.953  -50.186  -31.442  0.0000000000
44430  0.000  0.000  0.000  0.0000000000
44431  0.000  0.000  0.000  0.0000000000
44432  0.000  0.000  0.000  0.0000000000
44433  0.000  0.000  0.000  0.0000000000
44434  0.000  0.000  0.000  0.0000000000
44435  0.000  0.000  0.000  0.0000000000
44443  0.000  0.000  0.000  0.0000000000
44444  0.000  0.000  0.000  0.0000000000
44445  0.000  0.000  0.000  0.0000000000
44446  0.000  0.000  0.000  0.0000000000
44447  0.000  0.000  0.000  0.0000000000
44448  0.000  0.000  0.000  0.0000000000
44449  0.000  0.000  0.000  0.0000000000
44466  0.000  0.000  0.000  0.0000000000
44487  -44.835  -49.219  -16.612  0.0000000000
44488  0.000  0.000  0.000  0.0000000000
44489  0.000  0.000  0.000  0.0000000000
44503  -43.993  -49.461  -17.407  0.0000000000
44504  -44.388  -49.258  -17.060  0.0000000000
44515  -42.519  -49.504  -18.356  0.0000000000
44516  -43.017  -49.443  -18.168  0.0000000000
44517  -43.720  -49.244  -17.930  0.0000000000
44518  -44.192  -49.005  -17.584  0.0000000000
44531  -42.221  -49.319  -18.843  0.0000000000
44532  -42.877  -49.045  -18.599  0.0000000000
44533  -43.386  -48.967  -18.402  0.0000000000
44544  -40.757  -49.467  -20.014  0.0000000000
44545  -41.270  -49.223  -19.725  0.0000000000
44546  -41.805  -49.194  -19.338  0.0000000000
44556  -40.582  -49.240  -20.473  0.0000000000
44557  -40.984  -48.978  -20.127  0.0000000000
44567  -39.882  -49.163  -21.520  0.0000000000
44568  -40.239  -49.257  -21.009  0.0000000000
44582  -39.687  -49.218  -22.226  0.0000000000
44603  -39.625  -49.219  -23.029  0.0000000000
44618  -39.634  -49.230  -23.831  0.0000000000
44633  -39.689  -49.138  -24.595  0.0000000000
44648  -39.785  -49.012  -25.244  0.0000000000
44649  -40.059  -49.381  -25.453  0.0000000000
44653  -39.964  -48.914  -25.714  0.0000000000
44654  -40.325  -49.171  -25.981  0.0000000000
44660  -40.729  -49.122  -26.525  0.0000000000
44661  -41.266  -49.154  -26.770  0.0000000000
44662  -41.922  -49.213  -26.823  0.0000000000
44663  -42.511  -49.213  -26.991  0.0000000000
44671  -43.027  -49.154  -27.321  0.0000000000
44672  -43.627  -49.152  -27.535  0.0000000000
44673  -44.206  -49.293  -27.550  0.0000000000
44674  -44.924  -49.198  -27.604  0.0000000000
44675  -45.760  -49.207  -27.702  0.0000000000
44676  -46.528  -49.390  -27.760  0.0000000000
44677  -47.294  -49.467  -27.841  0.0000000000
44678  -47.933  -49.511  -27.911  0.0000000000
44689  -46.198  -48.942  -27.974  0.0000000000
44690  -46.760  -48.933  -28.089  0.0000000000
44691  -47.496  -48.977  -28.148  0.0000000000
44692  -48.271  -49.171  -28.171  0.0000000000
44693  -48.986  -49.129  -28.315  0.0000000000
44694  -49.724  -49.160  -28.553  0.0000000000
44695  -50.250  -48.934  -28.796  0.0000000000
44710  -49.910  -49.317  -29.126  0.0000000000
44711  -50.430  -48.893  -29.193  0.0000000000
44721  -40.862  -49.028  -30.406  0.0000000000
44722  -41.321  -48.963  -30.303  0.0000000000
44723  -42.080  -48.929  -30.257  0.0000000000
44724  -42.960  -48.806  -30.265  0.0000000000
44725  -43.496  -48.820  -30.360  0.0000000000
44728  -49.517  -48.997  -29.750  0.0000000000
44729  -50.206  -48.853  -29.629  0.0000000000
44730  -50.509  -48.725  -29.525  0.0000000000
44739  -41.193  -49.373  -30.637  0.0000000000
44740  -41.935  -49.396  -30.604  0.0000000000
44741  -42.762  -49.353  -30.607  0.0000000000
44742  -43.650  -49.137  -30.664  0.0000000000
44743  -44.578  -49.148  -31.132  0.0000000000
44744  -45.108  -48.880  -31.223  0.0000000000
46035  0.000  0.000  0.000  0.0000000000
46036  0.000  0.000  0.000  0.0000000000
46037  0.000  0.000  0.000  0.0000000000
46038  0.000  0.000  0.000  0.0000000000
46050  0.000  0.000  0.000  0.0000000000
46051  0.000  0.000  0.000  0.0000000000
46052  0.000  0.000  0.000  0.0000000000
46053  0.000  0.000  0.000  0.0000000000
46054  0.000  0.000  0.000  0.0000000000
46055  0.000  0.000  0.000  0.0000000000
46056  0.000  0.000  0.000  0.0000000000
46073  0.000  0.000  0.000  0.0000000000
46074  0.000  0.000  0.000  0.0000000000
46075  0.000  0.000  0.000  0.0000000000
46076  0.000  0.000  0.000  0.0000000000
46077  0.000  0.000  0.000  0.0000000000
46078  0.000  0.000  0.000  0.0000000000
46079  0.000  0.000  0.000  0.0000000000
46098  0.000  0.000  0.000  0.0000000000
46099  0.000  0.000  0.000  0.0000000000
46100  0.000  0.000  0.000  0.0000000000
46101  0.000  0.000  0.000  0.0000000000
46102  0.000  0.000  0.000  0.0000000000
46103  0.000  0.000  0.000  0.0000000000
46104  0.000  0.000  0.000  0.0000000000
46115  -44.582  -48.624  -17.382  0.0000000000
46116  0.000  0.000  0.000  0.0000000000
46127  -43.881  -48.733  -18.419  0.0000000000
46128  -44.383  -48.596  -18.073  0.0000000000
46129  -44.967  -48.167  -17.735  0.0000000000
46139  -42.303  -48.713  -19.242  0.0000000000
46140  -42.863  -48.661  -19.067  0.0000000000
46141  -43.583  -48.612  -18.896  0.0000000000
46142  -44.375  -48.428  -18.823  0.0000000000
46143  -44.960  -48.166  -18.509  0.0000000000
46158  -41.373  -48.609  -20.012  0.0000000000
46159  -41.988  -48.359  -19.732  0.0000000000
46160  -42.756  -48.265  -19.522  0.0000000000
46161  -43.545  -48.322  -19.610  0.0000000000
46162  -44.214  -48.377  -19.431  0.0000000000
46163  -45.121  -48.152  -19.434  0.0000000000
46164  -45.989  -48.137  -19.817  0.0000000000
46165  -46.800  -48.106  -19.880  0.0000000000
46166  -47.600  -48.073  -19.912  0.0000000000
46167  -48.386  -48.073  -19.955  0.0000000000
46168  -49.090  -48.106  -20.018  0.0000000000
46169  -49.622  -48.062  -20.166  0.0000000000
46187  -40.537  -48.820  -20.790  0.0000000000
46188  -40.988  -48.400  -20.623  0.0000000000
46189  -41.536  -48.120  -20.199  0.0000000000
46190  -43.682  -48.129  -20.285  0.0000000000
46191  -44.306  -48.296  -20.216  0.0000000000
46192  -45.174  -48.333  -20.407  0.0000000000
46193  -46.000  -48.335  -20.465  0.0000000000
46194  -46.800  -48.335  -20.465  0.0000000000
46195  -47.600  -48.335  -20.465  0.0000000000
46196  -48.400  -48.335  -20.465  0.0000000000
46197  -49.162  -48.301  -20.504  0.0000000000
46198  -49.938  -48.142  -20.620  0.0000000000
46199  -50.672  -48.143  -20.803  0.0000000000
46200  -51.239  -48.062  -20.933  0.0000000000
46215  -39.935  -48.727  -21.468  0.0000000000
46216  -40.320  -48.624  -21.293  0.0000000000
46217  -40.870  -48.118  -21.449  0.0000000000
46218  -43.839  -48.128  -20.914  0.0000000000
46219  -44.456  -48.297  -21.063  0.0000000000
46220  -45.200  -48.335  -21.135  0.0000000000
46221  -46.000  -48.335  -21.135  0.0000000000
46222  -46.800  -48.335  -21.135  0.0000000000
46223  -47.600  -48.335  -21.135  0.0000000000
46224  -48.400  -48.335  -21.135  0.0000000000
46225  -49.200  -48.306  -21.149  0.0000000000
46226  -50.000  -48.278  -21.200  0.0000000000
46227  -50.762  -48.272  -21.290  0.0000000000
46228  0.000  0.000  0.000  0.0000000000
46229  0.000  0.000  0.000  0.0000000000
46243  -39.931  -48.676  -21.843  0.0000000000
46244  -40.394  -48.206  -22.061  0.0000000000
46245  -40.834  -48.034  -21.886  0.0000000000
46246  -43.911  -48.084  -21.512  0.0000000000
46247  -44.438  -48.129  -21.696  0.0000000000
46248  -45.200  -48.139  -21.739  0.0000000000
46249  -46.000  -48.139  -21.739  0.0000000000
46250  -46.800  -48.139  -21.739  0.0000000000
46251  -47.600  -48.139  -21.739  0.0000000000
46252  -48.400  -48.139  -21.739  0.0000000000
46253  -49.200  -48.143  -21.757  0.0000000000
46254  -50.000  -48.175  -21.887  0.0000000000
46255  0.000  0.000  0.000  0.0000000000
46256  0.000  0.000  0.000  0.0000000000
46257  0.000  0.000  0.000  0.0000000000
46275  -39.854  -48.448  -22.745  0.0000000000
46276  -40.167  -48.069  -22.644  0.0000000000
46277  -50.293  -48.062  -22.372  0.0000000000
46278  0.000  0.000  0.000  0.0000000000
46279  0.000  0.000  0.000  0.0000000000
46280  0.000  0.000  0.000  0.0000000000
46289  -39.663  -48.606  -23.484  0.0000000000
46290  0.000  0.000  0.000  0.0000000000
46291  0.000  0.000  0.000  0.0000000000
46300  -39.657  -48.462  -24.181  0.0000000000
46315  -39.661  -48.384  -24.920  0.0000000000
46325  -39.793  -48.346  -25.570  0.0000000000
46326  -40.099  -48.408  -26.040  0.0000000000
46336  -40.452  -48.446  -26.438  0.0000000000
46337  -41.096  -48.364  -26.904  0.0000000000
46338  -41.884  -48.674  -27.039  0.0000000000
46339  -42.335  -48.830  -27.030  0.0000000000
46349  -41.329  -47.970  -27.206  0.0000000000
46350  -41.756  -48.126  -27.280  0.0000000000
46351  -42.516  -48.436  -27.321  0.0000000000
46352  -43.346  -48.411  -27.552  0.0000000000
46353  -44.357  -48.469  -27.771  0.0000000000
46354  -45.332  -48.686  -27.886  0.0000000000
46355  -45.849  -48.776  -27.934  0.0000000000
46364  -44.610  -48.050  -28.024  0.0000000000
46365  -45.027  -48.183  -28.062  0.0000000000
46366  -45.913  -48.381  -28.139  0.0000000000
46367  -46.787  -48.335  -28.309  0.0000000000
46368  -47.600  -48.353  -28.339  0.0000000000
46369  -48.382  -48.386  -28.400  0.0000000000
46370  -49.166  -48.433  -28.501  0.0000000000
46371  -49.973  -48.425  -28.708  0.0000000000
46372  -50.447  -48.685  -28.873  0.0000000000
46383  -50.121  -48.069  -28.949  0.0000000000
46384  -50.425  -48.369  -29.213  0.0000000000
46390  -41.471  -48.349  -30.094  0.0000000000
46391  -42.262  -48.305  -30.061  0.0000000000
46392  -42.949  -48.194  -30.063  0.0000000000
46393  -43.634  -48.316  -30.248  0.0000000000
46394  -44.162  -48.016  -30.338  0.0000000000
46396  -49.256  -48.596  -30.187  0.0000000000
46397  -49.977  -48.378  -29.996  0.0000000000
46398  -50.427  -48.405  -29.709  0.0000000000
46407  -43.778  -48.720  -30.444  0.0000000000
46408  -44.338  -48.400  -30.614  0.0000000000
46409  -45.208  -48.374  -31.046  0.0000000000
46410  -45.762  -48.054  -31.165  0.0000000000
46412  -49.144  -48.159  -30.580  0.0000000000
46413  -49.661  -48.089  -30.346  0.0000000000
46430  -45.357  -48.738  -31.312  0.0000000000
46431  -45.810  -48.474  -31.516  0.0000000000
46432  -46.350  -48.165  -31.798  0.0000000000
47677  0.000  0.000  0.000  0.0000000000
47678  0.000  0.000  0.000  0.0000000000
47702  0.000  0.000  0.000  0.0000000000
47703  0.000  0.000  0.000  0.0000000000
47718  0.000  0.000  0.000  0.0000000000
47719  0.000  0.000  0.000  0.0000000000
47720  0.000  0.000  0.000  0.0000000000
47721  0.000  0.000  0.000  0.0000000000
47722  0.000  0.000  0.000  0.0000000000
47723  0.000  0.000  0.000  0.0000000000
47737  0.000  0.000  0.000  0.0000000000
47738  0.000  0.000  0.000  0.0000000000
47739  0.000  0.000  0.000  0.0000000000
47740  0.000  0.000  0.000  0.0000000000
47741  0.000  0.000  0.000  0.0000000000
47742  0.000  0.000  0.000  0.0000000000
47743  0.000  0.000  0.000  0.0000000000
47744  0.000  0.000  0.000  0.0000000000
47751  0.000  0.000  0.000  0.0000000000
47752  0.000  0.000  0.000  0.0000000000
47753  0.000  0.000  0.000  0.0000000000
47754  0.000  0.000  0.000  0.0000000000
47755  0.000  0.000  0.000  0.0000000000
47756  0.000  0.000  0.000  0.0000000000
47757  -45.291  -47.596  -17.349  0.0000000000
47758  -45.710  -47.338  -17.711  0.0000000000
47767  0.000  0.000  0.000  0.0000000000
47768  0.000  0.000  0.000  0.0000000000
47769  0.000  0.000  0.000  0.0000000000
47770  0.000  0.000  0.000  0.0000000000
47771  0.000  0.000  0.000  0.0000000000
47772  -45.419  -47.762  -18.020  0.0000000000
47773  -45.974  -47.365  -18.216  0.0000000000
47774  -46.489  -47.222  -18.500  0.0000000000
47784  -45.496  -47.821  -18.724  0.0000000000
47785  -46.040  -47.593  -18.807  0.0000000000
47786  -46.733  -47.365  -18.955  0.0000000000
47787  -47.289  -47.294  -19.229  0.0000000000
47803  -42.193  -47.887  -19.887  0.0000000000
47804  -42.518  -47.895  -19.895  0.0000000000
47805  -43.162  -47.972  -20.005  0.0000000000
47806  -45.614  -47.835  -19.154  0.0000000000
47807  -46.034  -47.821  -19.296  0.0000000000
47808  -46.762  -47.762  -19.429  0.0000000000
47809  -47.583  -47.538  -19.562  0.0000000000
47810  -48.314  -47.573  -19.746  0.0000000000
47811  -49.050  -47.576  -19.890  0.0000000000
47812  -49.539  -47.784  -20.005  0.0000000000
47831  -41.101  -47.505  -20.595  0.0000000000
47832  -41.922  -47.617  -20.307  0.0000000000
47833  -42.686  -47.689  -20.479  0.0000000000
47834  -43.309  -47.872  -20.691  0.0000000000
47835  -49.562  -47.333  -20.171  0.0000000000
47836  -49.989  -47.544  -20.451  0.0000000000
47837  -50.571  -47.767  -20.676  0.0000000000
47838  -51.106  -47.829  -20.783  0.0000000000
47858  -41.255  -47.581  -21.067  0.0000000000
47859  -41.945  -47.487  -21.090  0.0000000000
47860  -42.735  -47.640  -21.253  0.0000000000
47861  -43.377  -47.852  -21.418  0.0000000000
47862  -50.505  -47.289  -20.851  0.0000000000
47863  -51.043  -47.371  -20.981  0.0000000000
47864  0.000  0.000  0.000  0.0000000000
47865  0.000  0.000  0.000  0.0000000000
47866  0.000  0.000  0.000  0.0000000000
47867  0.000  0.000  0.000  0.0000000000
47878  -40.756  -47.956  -22.142  0.0000000000
47879  -41.230  -47.772  -21.897  0.0000000000
47880  -42.061  -47.571  -21.960  0.0000000000
47881  -42.829  -47.600  -22.000  0.0000000000
47882  -43.662  -47.763  -22.034  0.0000000000
47883  -44.465  -47.792  -22.178  0.0000000000
47884  -45.265  -47.796  -22.196  0.0000000000
47885  -46.065  -47.796  -22.196  0.0000000000
47886  -46.865  -47.796  -22.196  0.0000000000
47887  -47.665  -47.796  -22.196  0.0000000000
47888  -48.465  -47.796  -22.196  0.0000000000
47889  -49.227  -47.805  -22.239  0.0000000000
47890  -49.798  -47.833  -22.410  0.0000000000
47891  0.000  0.000  0.000  0.0000000000
47892  0.000  0.000  0.000  0.0000000000
47893  0.000  0.000  0.000  0.0000000000
47909  -40.106  -47.904  -23.055  0.0000000000
47910  -40.667  -47.780  -22.694  0.0000000000
47911  -41.477  -47.551  -22.671  0.0000000000
47912  -42.274  -47.301  -22.646  0.0000000000
47913  -43.122  -47.306  -22.506  0.0000000000
47914  -43.927  -47.335  -22.520  0.0000000000
47915  -44.727  -47.339  -22.539  0.0000000000
47916  -45.527  -47.339  -22.539  0.0000000000
47917  -46.327  -47.339  -22.539  0.0000000000
47918  -47.127  -47.339  -22.539  0.0000000000
47919  -47.927  -47.339  -22.539  0.0000000000
47920  -48.727  -47.339  -22.577  0.0000000000
47921  -49.433  -47.423  -22.680  0.0000000000
47922  0.000  0.000  0.000  0.0000000000
47923  0.000  0.000  0.000  0.0000000000
47924  0.000  0.000  0.000  0.0000000000
47925  0.000  0.000  0.000  0.0000000000
47926  0.000  0.000  0.000  0.0000000000
47927  0.000  0.000  0.000  0.0000000000
47941  -39.889  -47.929  -23.639  0.0000000000
47942  -40.492  -47.406  -23.472  0.0000000000
47943  -41.182  -47.317  -23.236  0.0000000000
47944  -41.749  -47.223  -23.106  0.0000000000
47945  0.000  0.000  0.000  0.0000000000
47946  0.000  0.000  0.000  0.0000000000
47947  0.000  0.000  0.000  0.0000000000
47948  0.000  0.000  0.000  0.0000000000
47949  0.000  0.000  0.000  0.0000000000
47950  0.000  0.000  0.000  0.0000000000
47965  -39.817  -47.604  -24.418  0.0000000000
47966  -40.156  -47.306  -23.950  0.0000000000
47984  -39.716  -47.600  -25.165  0.0000000000
47997  -39.881  -47.600  -25.965  0.0000000000
47998  -40.198  -47.984  -26.303  0.0000000000
48008  -39.927  -47.280  -26.366  0.0000000000
48009  -40.344  -47.636  -26.562  0.0000000000
48010  -40.969  -47.554  -26.983  0.0000000000
48017  -41.464  -47.567  -27.308  0.0000000000
48018  -42.020  -47.613  -27.436  0.0000000000
48019  -42.742  -47.600  -27.524  0.0000000000
48020  -43.567  -47.611  -27.661  0.0000000000
48021  -44.418  -47.573  -27.849  0.0000000000
48022  -44.796  -47.216  -27.832  0.0000000000
48031  -44.770  -47.874  -28.098  0.0000000000
48032  -45.198  -47.604  -28.081  0.0000000000
48033  -46.077  -47.671  -28.266  0.0000000000
48034  -46.861  -47.618  -28.339  0.0000000000
48035  -47.678  -47.471  -28.414  0.0000000000
48036  -48.546  -47.583  -28.592  0.0000000000
48037  -49.279  -47.829  -28.702  0.0000000000
48038  -49.783  -47.858  -28.858  0.0000000000
48046  -48.907  -47.289  -28.882  0.0000000000
48047  -49.407  -47.410  -29.056  0.0000000000
48048  -50.003  -47.653  -29.366  0.0000000000
48049  -50.397  -47.964  -29.632  0.0000000000
48056  -41.036  -47.633  -30.097  0.0000000000
48057  -41.739  -47.600  -30.000  0.0000000000
48058  -42.525  -47.581  -30.000  0.0000000000
48059  -43.289  -47.581  -30.042  0.0000000000
48060  -43.949  -47.554  -30.185  0.0000000000
48061  -50.031  -47.697  -30.054  0.0000000000
48062  -50.353  -48.037  -29.880  0.0000000000
48069  -44.413  -47.554  -30.445  0.0000000000
48070  -44.939  -47.600  -30.735  0.0000000000
48071  -45.580  -47.569  -30.987  0.0000000000
48072  -48.476  -47.472  -31.076  0.0000000000
48073  -48.967  -47.559  -30.772  0.0000000000
48074  -49.573  -47.608  -30.514  0.0000000000
48090  -46.115  -47.684  -31.356  0.0000000000
48091  -46.751  -47.646  -31.743  0.0000000000
48092  -47.441  -47.475  -31.754  0.0000000000
49428  0.000  0.000  0.000  0.0000000000
49429  0.000  0.000  0.000  0.0000000000
49438  0.000  0.000  0.000  0.0000000000
49439  0.000  0.000  0.000  0.0000000000
49440  0.000  0.000  0.000  0.0000000000
49441  -45.560  -47.062  -17.523  0.0000000000
49449  0.000  0.000  0.000  0.0000000000
49450  0.000  0.000  0.000  0.0000000000
49451  0.000  0.000  0.000  0.0000000000
49452  0.000  0.000  0.000  0.0000000000
49453  0.000  0.000  0.000  0.0000000000
49454  -45.404  -46.671  -17.814  0.0000000000
49455  -45.989  -46.815  -17.919  0.0000000000
49456  -46.479  -46.779  -18.271  0.0000000000
49462  0.000  0.000  0.000  0.0000000000
49463  0.000  0.000  0.000  0.0000000000
49464  0.000  0.000  0.000  0.0000000000
49465  0.000  0.000  0.000  0.0000000000
49466  0.000  0.000  0.000  0.0000000000
49467  -46.878  -46.771  -18.691  0.0000000000
49468  -47.295  -46.771  -19.077  0.0000000000
49482  -47.713  -46.762  -19.431  0.0000000000
49483  -48.287  -46.800  -19.755  0.0000000000
49484  -48.783  -47.067  -19.900  0.0000000000
49496  -41.111  -46.895  -20.632  0.0000000000
49497  -41.636  -47.135  -20.771  0.0000000000
49498  -48.786  -46.533  -20.093  0.0000000000
49499  -49.246  -46.800  -20.241  0.0000000000
49500  -49.771  -46.800  -20.571  0.0000000000
49518  -41.135  -46.901  -20.906  0.0000000000
49519  -41.580  -47.202  -20.999  0.0000000000
49520  -50.243  -46.762  -20.919  0.0000000000
49521  0.000  0.000  0.000  0.0000000000
49522  0.000  0.000  0.000  0.0000000000
49523  0.000  0.000  0.000  0.0000000000
49524  0.000  0.000  0.000  0.0000000000
49525  0.000  0.000  0.000  0.0000000000
49526  0.000  0.000  0.000  0.0000000000
49541  0.000  0.000  0.000  0.0000000000
49542  0.000  0.000  0.000  0.0000000000
49543  0.000  0.000  0.000  0.0000000000
49544  0.000  0.000  0.000  0.0000000000
49545  0.000  0.000  0.000  0.0000000000
49567  -42.115  -46.673  -23.020  0.0000000000
49568  -42.878  -46.746  -22.729  0.0000000000
49569  -43.665  -46.800  -22.669  0.0000000000
49570  -44.465  -46.800  -22.669  0.0000000000
49571  -45.251  -46.767  -22.673  0.0000000000
49572  -46.018  -46.735  -22.706  0.0000000000
49573  -46.800  -46.735  -22.735  0.0000000000
49574  -47.604  -46.735  -22.749  0.0000000000
49575  -48.380  -46.773  -22.825  0.0000000000
49576  -49.217  -46.779  -23.023  0.0000000000
49577  -49.694  -47.138  -22.978  0.0000000000
49578  0.000  0.000  0.000  0.0000000000
49579  0.000  0.000  0.000  0.0000000000
49596  -40.619  -46.719  -23.762  0.0000000000
49597  -41.156  -46.815  -23.490  0.0000000000
49598  -41.633  -46.923  -23.345  0.0000000000
49599  -49.604  -46.416  -23.368  0.0000000000
49600  -50.053  -46.764  -23.363  0.0000000000
49601  0.000  0.000  0.000  0.0000000000
49602  0.000  0.000  0.000  0.0000000000
49603  0.000  0.000  0.000  0.0000000000
49604  0.000  0.000  0.000  0.0000000000
49605  0.000  0.000  0.000  0.0000000000
49606  0.000  0.000  0.000  0.0000000000
49616  -39.848  -46.805  -24.667  0.0000000000
49617  -40.185  -46.767  -24.185  0.0000000000
49618  0.000  0.000  0.000  0.0000000000
49619  0.000  0.000  0.000  0.0000000000
49620  0.000  0.000  0.000  0.0000000000
49631  -39.763  -46.786  -25.314  0.0000000000
49639  -39.910  -46.800  -26.036  0.0000000000
49640  -40.080  -46.480  -26.142  0.0000000000
49644  -40.034  -47.120  -26.473  0.0000000000
49645  -40.403  -46.800  -26.546  0.0000000000
49646  -41.263  -46.800  -27.024  0.0000000000
49647  -41.697  -46.416  -27.045  0.0000000000
49651  -41.630  -47.184  -27.362  0.0000000000
49652  -42.055  -46.836  -27.345  0.0000000000
49653  -42.846  -46.878  -27.506  0.0000000000
49654  -43.613  -46.833  -27.580  0.0000000000
49655  -44.369  -46.771  -27.648  0.0000000000
49656  -45.094  -46.779  -27.770  0.0000000000
49657  -45.802  -46.571  -27.832  0.0000000000
49658  -46.369  -46.489  -27.935  0.0000000000
49666  -45.650  -47.111  -28.078  0.0000000000
49667  -46.243  -47.029  -28.143  0.0000000000
49668  -46.915  -46.766  -28.208  0.0000000000
49669  -47.507  -46.628  -28.411  0.0000000000
49670  -48.037  -46.812  -28.594  0.0000000000
49677  -48.514  -46.833  -28.875  0.0000000000
49678  -48.999  -46.804  -29.271  0.0000000000
49679  -49.501  -47.071  -29.491  0.0000000000
49685  -40.737  -46.956  -30.219  0.0000000000
49686  -41.244  -46.819  -30.057  0.0000000000
49687  -42.000  -46.800  -30.000  0.0000000000
49688  -42.800  -46.800  -30.000  0.0000000000
49689  -43.551  -46.800  -30.049  0.0000000000
49690  -44.155  -46.800  -30.245  0.0000000000
49691  -48.630  -46.540  -30.213  0.0000000000
49692  -49.024  -46.656  -29.939  0.0000000000
49693  -49.718  -47.143  -29.974  0.0000000000
49701  -44.645  -46.800  -30.555  0.0000000000
49702  -45.218  -46.800  -30.796  0.0000000000
49703  -45.934  -46.832  -30.983  0.0000000000
49704  -46.598  -46.626  -31.003  0.0000000000
49705  -47.371  -46.627  -30.954  0.0000000000
49706  -48.381  -46.780  -30.669  0.0000000000
49707  -49.313  -47.096  -30.456  0.0000000000
49708  -49.775  -47.275  -30.365  0.0000000000
49716  -46.467  -47.128  -31.306  0.0000000000
49717  -47.039  -47.034  -31.395  0.0000000000
49718  -47.768  -47.065  -31.316  0.0000000000
49719  -48.227  -47.190  -31.210  0.0000000000
51023  0.000  0.000  0.000  0.0000000000
51024  -45.205  -46.234  -18.253  0.0000000000
51025  -45.946  -46.274  -18.200  0.0000000000
51026  -46.358  -46.430  -18.211  0.0000000000
51035  0.000  0.000  0.000  0.0000000000
51036  0.000  0.000  0.000  0.0000000000
51037  0.000  0.000  0.000  0.0000000000
51038  0.000  0.000  0.000  0.0000000000
51039  -44.916  -45.842  -18.647  0.0000000000
51040  -45.683  -45.837  -18.614  0.0000000000
51041  -46.529  -46.082  -18.690  0.0000000000
51042  -47.134  -46.267  -18.984  0.0000000000
51058  -46.957  -45.778  -19.168  0.0000000000
51059  -47.428  -46.000  -19.373  0.0000000000
51060  -47.990  -46.038  -19.720  0.0000000000
51075  -40.836  -46.441  -20.812  0.0000000000
51076  -48.458  -46.000  -20.072  0.0000000000
51077  -49.007  -45.967  -20.411  0.0000000000
51078  -49.506  -46.267  -20.633  0.0000000000
51100  -40.783  -46.483  -20.949  0.0000000000
51101  -49.406  -45.717  -20.766  0.0000000000
51102  -49.912  -45.987  -20.946  0.0000000000
51103  -50.589  -46.000  -21.285  0.0000000000
51104  0.000  0.000  0.000  0.0000000000
51105  0.000  0.000  0.000  0.0000000000
51106  0.000  0.000  0.000  0.0000000000
51107  0.000  0.000  0.000  0.0000000000
51108  0.000  0.000  0.000  0.0000000000
51124  -43.017  -45.695  -22.292  0.0000000000
51125  -43.381  -45.711  -22.281  0.0000000000
51126  -44.139  -45.739  -22.261  0.0000000000
51127  -44.914  -45.733  -22.267  0.0000000000
51128  -45.546  -45.689  -22.322  0.0000000000
51129  0.000  0.000  0.000  0.0000000000
51130  0.000  0.000  0.000  0.0000000000
51131  0.000  0.000  0.000  0.0000000000
51132  0.000  0.000  0.000  0.0000000000
51133  0.000  0.000  0.000  0.0000000000
51134  0.000  0.000  0.000  0.0000000000
51135  0.000  0.000  0.000  0.0000000000
51152  -41.444  -45.747  -23.078  0.0000000000
51153  -41.818  -45.915  -22.999  0.0000000000
51154  -42.706  -45.908  -22.580  0.0000000000
51155  -43.523  -46.217  -22.537  0.0000000000
51156  -44.335  -46.261  -22.539  0.0000000000
51157  -45.096  -46.223  -22.548  0.0000000000
51158  -45.871  -46.035  -22.593  0.0000000000
51159  -46.550  -46.046  -22.723  0.0000000000
51160  -47.323  -46.000  -22.789  0.0000000000
51161  -48.190  -45.990  -22.936  0.0000000000
51162  -48.774  -46.254  -23.082  0.0000000000
51163  0.000  0.000  0.000  0.0000000000
51178  -40.527  -45.952  -23.840  0.0000000000
51179  -41.193  -46.040  -23.367  0.0000000000
51180  -41.644  -46.456  -23.306  0.0000000000
51181  -48.762  -45.675  -23.216  0.0000000000
51182  -49.334  -45.950  -23.357  0.0000000000
51183  -50.027  -45.954  -23.581  0.0000000000
51184  0.000  0.000  0.000  0.0000000000
51185  0.000  0.000  0.000  0.0000000000
51186  0.000  0.000  0.000  0.0000000000
51187  0.000  0.000  0.000  0.0000000000
51188  0.000  0.000  0.000  0.0000000000
51198  -39.882  -45.904  -24.743  0.0000000000
51199  -40.117  -46.160  -24.306  0.0000000000
51200  -51.230  -45.616  -24.162  0.0000000000
51201  0.000  0.000  0.000  0.0000000000
51202  0.000  0.000  0.000  0.0000000000
51203  0.000  0.000  0.000  0.0000000000
51204  0.000  0.000  0.000  0.0000000000
51218  -39.936  -45.989  -25.468  0.0000000000
51219  -40.233  -45.616  -25.683  0.0000000000
51228  -39.973  -46.320  -25.911  0.0000000000
51229  -40.300  -46.000  -26.076  0.0000000000
51233  -40.789  -46.078  -26.604  0.0000000000
51234  -41.429  -46.001  -26.821  0.0000000000
51235  -42.201  -46.011  -27.044  0.0000000000
51236  -43.015  -45.726  -27.101  0.0000000000
51237  -43.485  -45.624  -27.134  0.0000000000
51238  -44.703  -45.622  -27.201  0.0000000000
51239  -45.108  -45.601  -27.157  0.0000000000
51244  -42.420  -46.430  -27.362  0.0000000000
51245  -42.916  -46.274  -27.361  0.0000000000
51246  -43.719  -46.051  -27.351  0.0000000000
51247  -44.553  -46.139  -27.458  0.0000000000
51248  -45.350  -45.969  -27.441  0.0000000000
51249  -46.139  -45.962  -27.647  0.0000000000
51250  -46.659  -45.952  -27.960  0.0000000000
51258  -47.118  -46.009  -28.356  0.0000000000
51259  -47.730  -46.070  -28.787  0.0000000000
51260  -48.216  -46.420  -28.792  0.0000000000
51267  -47.845  -45.876  -29.478  0.0000000000
51268  -48.463  -46.291  -29.264  0.0000000000
51269  -48.906  -46.404  -29.524  0.0000000000
51275  -40.717  -46.006  -30.320  0.0000000000
51276  -41.467  -46.000  -30.038  0.0000000000
51277  -42.261  -46.000  -30.000  0.0000000000
51278  -43.061  -46.000  -30.000  0.0000000000
51279  -43.763  -46.000  -30.098  0.0000000000
51280  -44.318  -46.000  -30.343  0.0000000000
51281  -46.392  -45.694  -30.294  0.0000000000
51282  -47.088  -45.829  -30.190  0.0000000000
51283  -47.712  -45.955  -30.079  0.0000000000
51284  -48.390  -46.257  -29.973  0.0000000000
51285  -48.786  -46.297  -29.664  0.0000000000
51293  -44.846  -45.989  -30.602  0.0000000000
51294  -45.463  -46.062  -30.724  0.0000000000
51295  -46.127  -46.139  -30.709  0.0000000000
51296  -46.833  -46.163  -30.637  0.0000000000
51297  -47.571  -46.226  -30.533  0.0000000000
51298  -48.039  -46.255  -30.380  0.0000000000
52524  0.000  0.000  0.000  0.0000000000
52525  0.000  0.000  0.000  0.0000000000
52526  0.000  0.000  0.000  0.0000000000
52527  0.000  0.000  0.000  0.0000000000
52528  -45.135  -45.396  -18.996  0.0000000000
52529  -45.906  -45.434  -19.030  0.0000000000
52530  -46.507  -45.467  -19.157  0.0000000000
52545  0.000  0.000  0.000  0.0000000000
52546  0.000  0.000  0.000  0.0000000000
52547  0.000  0.000  0.000  0.0000000000
52548  -45.265  -44.939  -19.339  0.0000000000
52549  -46.027  -44.977  -19.382  0.0000000000
52550  -46.838  -45.171  -19.480  0.0000000000
52551  -47.547  -45.240  -19.763  0.0000000000
52552  -48.095  -45.467  -19.962  0.0000000000
52566  -47.855  -44.987  -20.024  0.0000000000
52567  -48.400  -45.200  -20.263  0.0000000000
52568  0.000  0.000  0.000  0.0000000000
52586  0.000  0.000  0.000  0.0000000000
52587  0.000  0.000  0.000  0.0000000000
52588  0.000  0.000  0.000  0.0000000000
52589  0.000  0.000  0.000  0.0000000000
52590  0.000  0.000  0.000  0.0000000000
52591  0.000  0.000  0.000  0.0000000000
52605  -42.388  -44.860  -22.355  0.0000000000
52606  -43.013  -45.222  -22.221  0.0000000000
52607  -43.854  -45.147  -22.091  0.0000000000
52608  -44.661  -45.135  -22.065  0.0000000000
52609  -45.429  -45.129  -22.109  0.0000000000
52610  -46.170  -45.170  -22.327  0.0000000000
52611  -46.661  -44.816  -22.402  0.0000000000
52612  0.000  0.000  0.000  0.0000000000
52613  0.000  0.000  0.000  0.0000000000
52614  0.000  0.000  0.000  0.0000000000
52615  0.000  0.000  0.000  0.0000000000
52616  0.000  0.000  0.000  0.0000000000
52617  0.000  0.000  0.000  0.0000000000
52618  0.000  0.000  0.000  0.0000000000
52631  -40.815  -44.824  -23.182  0.0000000000
52632  -41.378  -45.295  -22.983  0.0000000000
52633  -42.087  -45.324  -22.660  0.0000000000
52634  -42.527  -45.348  -22.449  0.0000000000
52635  -46.372  -45.584  -22.586  0.0000000000
52636  -46.936  -45.200  -22.624  0.0000000000
52637  -47.838  -45.200  -22.827  0.0000000000
52638  -48.604  -45.163  -23.078  0.0000000000
52639  -48.995  -44.843  -23.160  0.0000000000
52640  0.000  0.000  0.000  0.0000000000
52641  0.000  0.000  0.000  0.0000000000
52642  0.000  0.000  0.000  0.0000000000
52643  0.000  0.000  0.000  0.0000000000
52644  0.000  0.000  0.000  0.0000000000
52657  -40.484  -45.088  -23.708  0.0000000000
52658  -40.872  -45.433  -23.400  0.0000000000
52659  -48.758  -45.364  -23.287  0.0000000000
52660  -49.162  -45.149  -23.347  0.0000000000
52661  -49.887  -45.200  -23.595  0.0000000000
52662  -50.539  -45.200  -23.834  0.0000000000
52663  0.000  0.000  0.000  0.0000000000
52664  0.000  0.000  0.000  0.0000000000
52665  0.000  0.000  0.000  0.0000000000
52677  -39.922  -45.035  -24.599  0.0000000000
52678  -40.173  -45.414  -24.243  0.0000000000
52679  -51.058  -45.154  -24.138  0.0000000000
52680  -51.597  -45.154  -24.361  0.0000000000
52681  0.000  0.000  0.000  0.0000000000
52682  0.000  0.000  0.000  0.0000000000
52683  0.000  0.000  0.000  0.0000000000
52684  0.000  0.000  0.000  0.0000000000
52698  -39.953  -45.191  -25.002  0.0000000000
52699  -40.250  -45.192  -25.430  0.0000000000
52700  0.000  0.000  0.000  0.0000000000
52701  0.000  0.000  0.000  0.0000000000
52702  0.000  0.000  0.000  0.0000000000
52707  -40.681  -45.255  -25.965  0.0000000000
52708  -41.403  -44.973  -26.200  0.0000000000
52709  -41.865  -44.859  -26.303  0.0000000000
52715  -40.633  -45.630  -26.365  0.0000000000
52716  -41.085  -45.489  -26.481  0.0000000000
52717  -41.820  -45.315  -26.605  0.0000000000
52718  -42.621  -45.263  -26.775  0.0000000000
52719  -43.420  -45.209  -26.899  0.0000000000
52720  -44.209  -45.157  -26.956  0.0000000000
52721  -44.990  -45.109  -26.986  0.0000000000
52722  -45.691  -45.004  -27.071  0.0000000000
52723  -46.217  -44.971  -27.199  0.0000000000
52730  -43.788  -45.508  -27.163  0.0000000000
52731  -44.191  -45.656  -27.264  0.0000000000
52732  -45.428  -45.458  -27.174  0.0000000000
52733  -45.965  -45.429  -27.313  0.0000000000
52734  -46.459  -45.248  -27.605  0.0000000000
52742  -46.291  -44.935  -28.595  0.0000000000
52743  -46.615  -45.167  -28.364  0.0000000000
52744  -47.158  -45.537  -28.724  0.0000000000
52753  -46.237  -44.946  -28.991  0.0000000000
52754  -46.712  -45.240  -29.152  0.0000000000
52755  -47.302  -45.556  -29.238  0.0000000000
52763  -40.592  -45.204  -30.289  0.0000000000
52764  -41.028  -45.214  -30.104  0.0000000000
52765  -41.739  -45.200  -30.000  0.0000000000
52766  -42.539  -45.200  -30.000  0.0000000000
52767  -43.334  -45.189  -29.982  0.0000000000
52768  -44.034  -45.217  -30.096  0.0000000000
52769  -45.432  -44.954  -30.192  0.0000000000
52770  -45.928  -45.082  -29.892  0.0000000000
52771  -46.800  -45.449  -29.772  0.0000000000
52772  -47.346  -45.648  -29.746  0.0000000000
52782  -44.574  -45.255  -30.385  0.0000000000
52783  -45.195  -45.188  -30.438  0.0000000000
52784  -45.778  -45.591  -30.475  0.0000000000
54010  0.000  0.000  0.000  0.0000000000
54011  0.000  0.000  0.000  0.0000000000
54027  0.000  0.000  0.000  0.0000000000
54028  0.000  0.000  0.000  0.0000000000
54029  0.000  0.000  0.000  0.0000000000
54030  0.000  0.000  0.000  0.0000000000
54031  -46.287  -44.367  -19.624  0.0000000000
54032  -47.040  -44.415  -19.890  0.0000000000
54033  -47.515  -44.731  -19.942  0.0000000000
54048  0.000  0.000  0.000  0.0000000000
54049  -47.744  -44.370  -20.205  0.0000000000
54050  0.000  0.000  0.000  0.0000000000
54051  0.000  0.000  0.000  0.0000000000
54072  0.000  0.000  0.000  0.0000000000
54073  0.000  0.000  0.000  0.0000000000
54074  0.000  0.000  0.000  0.0000000000
54097  -42.230  -44.122  -22.262  0.0000000000
54098  -42.842  -44.331  -22.107  0.0000000000
54099  -43.593  -44.413  -22.025  0.0000000000
54100  -44.400  -44.400  -22.000  0.0000000000
54101  -45.200  -44.400  -22.000  0.0000000000
54102  -45.944  -44.400  -22.087  0.0000000000
54103  -46.541  -44.354  -22.280  0.0000000000
54104  0.000  0.000  0.000  0.0000000000
54105  0.000  0.000  0.000  0.0000000000
54106  0.000  0.000  0.000  0.0000000000
54126  -40.752  -44.210  -23.019  0.0000000000
54127  -41.209  -44.377  -22.823  0.0000000000
54128  -41.824  -44.609  -22.591  0.0000000000
54129  -47.002  -44.354  -22.543  0.0000000000
54130  -47.617  -44.400  -22.756  0.0000000000
54131  -48.342  -44.468  -22.920  0.0000000000
54132  -48.854  -44.559  -23.053  0.0000000000
54133  0.000  0.000  0.000  0.0000000000
54136  0.000  0.000  0.000  0.0000000000
54149  -40.488  -44.346  -23.450  0.0000000000
54150  -49.175  -44.422  -23.282  0.0000000000
54151  -49.693  -44.400  -23.542  0.0000000000
54152  -50.321  -44.438  -23.786  0.0000000000
54153  0.000  0.000  0.000  0.0000000000
54154  0.000  0.000  0.000  0.0000000000
54171  -39.914  -44.680  -24.587  0.0000000000
54172  -40.203  -44.523  -24.281  0.0000000000
54173  -50.839  -44.438  -24.067  0.0000000000
54174  -51.400  -44.400  -24.320  0.0000000000
54175  -52.050  -44.400  -24.558  0.0000000000
54176  0.000  0.000  0.000  0.0000000000
54177  0.000  0.000  0.000  0.0000000000
54188  -39.966  -44.720  -24.739  0.0000000000
54189  -40.364  -44.478  -25.021  0.0000000000
54190  -40.964  -44.206  -25.340  0.0000000000
54191  -41.523  -44.076  -25.501  0.0000000000
54192  0.000  0.000  0.000  0.0000000000
54193  0.000  0.000  0.000  0.0000000000
54194  0.000  0.000  0.000  0.0000000000
54195  0.000  0.000  0.000  0.0000000000
54198  -40.665  -44.711  -25.557  0.0000000000
54199  -41.206  -44.596  -25.772  0.0000000000
54200  -41.932  -44.383  -25.966  0.0000000000
54201  -42.621  -44.266  -26.144  0.0000000000
54202  -43.327  -44.166  -26.209  0.0000000000
54203  -43.946  -44.089  -26.305  0.0000000000
54207  -42.295  -44.760  -26.413  0.0000000000
54208  -43.016  -44.678  -26.537  0.0000000000
54209  -43.761  -44.609  -26.591  0.0000000000
54210  -44.449  -44.394  -26.684  0.0000000000
54211  -45.190  -44.423  -26.980  0.0000000000
54212  -45.905  -44.596  -27.171  0.0000000000
54213  -46.351  -44.743  -27.371  0.0000000000
54221  -45.394  -44.216  -27.420  0.0000000000
54222  -45.962  -44.471  -27.690  0.0000000000
54223  -46.434  -44.752  -27.877  0.0000000000
54239  -44.610  -44.097  -28.610  0.0000000000
54240  -45.100  -44.159  -28.277  0.0000000000
54241  -46.043  -44.656  -28.496  0.0000000000
54242  -46.476  -44.749  -28.209  0.0000000000
54252  -43.850  -44.137  -29.370  0.0000000000
54253  -44.330  -44.153  -29.088  0.0000000000
54254  -45.182  -44.461  -29.233  0.0000000000
54255  -45.755  -44.705  -29.412  0.0000000000
54262  -40.532  -44.532  -30.281  0.0000000000
54263  -41.178  -44.461  -30.010  0.0000000000
54264  -41.935  -44.465  -29.935  0.0000000000
54265  -42.746  -44.454  -29.900  0.0000000000
54266  -43.621  -44.354  -29.705  0.0000000000
54267  -44.544  -44.648  -29.908  0.0000000000
54268  -45.280  -44.731  -30.033  0.0000000000
54269  -45.695  -44.731  -29.809  0.0000000000
54277  -40.104  -44.309  -30.681  0.0000000000
54278  -44.869  -44.804  -30.372  0.0000000000
54279  -45.050  -44.757  -30.443  0.0000000000
55578  0.000  0.000  0.000  0.0000000000
55579  0.000  0.000  0.000  0.0000000000
55580  0.000  0.000  0.000  0.0000000000
55581  0.000  0.000  0.000  0.0000000000
55582  0.000  0.000  0.000  0.0000000000
55601  0.000  0.000  0.000  0.0000000000
55602  0.000  0.000  0.000  0.0000000000
55603  0.000  0.000  0.000  0.0000000000
55604  0.000  0.000  0.000  0.0000000000
55625  0.000  0.000  0.000  0.0000000000
55626  0.000  0.000  0.000  0.0000000000
55627  0.000  0.000  0.000  0.0000000000
55628  0.000  0.000  0.000  0.0000000000
55643  -42.123  -43.570  -22.232  0.0000000000
55644  -42.550  -43.579  -22.090  0.0000000000
55645  -43.273  -43.600  -22.000  0.0000000000
55646  -44.073  -43.600  -22.000  0.0000000000
55647  -44.873  -43.600  -22.000  0.0000000000
55648  -45.657  -43.600  -22.031  0.0000000000
55649  -46.321  -43.638  -22.186  0.0000000000
55650  0.000  0.000  0.000  0.0000000000
55651  0.000  0.000  0.000  0.0000000000
55652  0.000  0.000  0.000  0.0000000000
55653  0.000  0.000  0.000  0.0000000000
55669  -40.600  -43.771  -23.133  0.0000000000
55670  -41.002  -43.621  -22.817  0.0000000000
55671  -41.674  -43.622  -22.499  0.0000000000
55672  -46.811  -43.638  -22.467  0.0000000000
55673  -47.359  -43.587  -22.744  0.0000000000
55674  -48.104  -43.632  -22.978  0.0000000000
55675  -48.796  -43.973  -23.105  0.0000000000
55679  0.000  0.000  0.000  0.0000000000
55695  -40.443  -43.649  -23.654  0.0000000000
55696  -48.610  -43.390  -23.240  0.0000000000
55697  -49.230  -43.610  -23.437  0.0000000000
55698  -49.952  -43.590  -23.764  0.0000000000
55699  -50.541  -43.854  -23.971  0.0000000000
55700  0.000  0.000  0.000  0.0000000000
55701  0.000  0.000  0.000  0.0000000000
55717  -40.608  -43.589  -24.452  0.0000000000
55718  -40.972  -43.200  -24.592  0.0000000000
55719  -50.404  -43.227  -24.095  0.0000000000
55720  -51.049  -43.590  -24.252  0.0000000000
55721  -51.834  -43.600  -24.440  0.0000000000
55722  -52.600  -43.600  -24.694  0.0000000000
55723  -53.061  -43.216  -24.802  0.0000000000
55724  0.000  0.000  0.000  0.0000000000
55725  0.000  0.000  0.000  0.0000000000
55730  -40.772  -43.922  -25.006  0.0000000000
55731  -41.290  -43.482  -25.010  0.0000000000
55732  -42.203  -43.597  -25.481  0.0000000000
55733  -43.031  -43.371  -25.548  0.0000000000
55734  -43.407  -43.270  -25.608  0.0000000000
55735  0.000  0.000  0.000  0.0000000000
55736  -53.353  -43.609  -24.998  0.0000000000
55737  0.000  0.000  0.000  0.0000000000
55738  0.000  0.000  0.000  0.0000000000
55740  -42.356  -43.984  -25.844  0.0000000000
55741  -42.851  -43.809  -25.827  0.0000000000
55742  -43.588  -43.565  -25.939  0.0000000000
55743  -44.170  -43.669  -26.363  0.0000000000
55746  -42.343  -43.257  -27.143  0.0000000000
55747  -43.078  -43.322  -27.078  0.0000000000
55748  -43.838  -43.400  -27.025  0.0000000000
55749  -44.540  -43.772  -26.949  0.0000000000
55750  -45.044  -44.002  -27.176  0.0000000000
55752  -41.510  -43.290  -27.910  0.0000000000
55753  -42.180  -43.420  -27.780  0.0000000000
55754  -42.898  -43.502  -27.698  0.0000000000
55755  -43.665  -43.573  -27.665  0.0000000000
55756  -44.380  -43.674  -27.600  0.0000000000
55757  -44.917  -43.876  -27.569  0.0000000000
55772  -40.743  -43.257  -28.743  0.0000000000
55773  -41.380  -43.420  -28.580  0.0000000000
55774  -42.082  -43.518  -28.482  0.0000000000
55775  -42.816  -43.622  -28.416  0.0000000000
55776  -43.554  -43.699  -28.354  0.0000000000
55777  -44.333  -43.856  -28.333  0.0000000000
55778  -44.754  -43.843  -28.000  0.0000000000
55788  -40.643  -43.418  -29.396  0.0000000000
55789  -41.298  -43.567  -29.233  0.0000000000
55790  -42.016  -43.649  -29.151  0.0000000000
55791  -42.754  -43.694  -29.122  0.0000000000
55792  -43.551  -43.874  -29.116  0.0000000000
55793  -44.000  -43.851  -28.800  0.0000000000
55800  -39.964  -43.293  -30.316  0.0000000000
55801  -40.533  -43.758  -29.987  0.0000000000
55802  -41.247  -43.876  -29.739  0.0000000000
55803  -42.000  -43.927  -29.673  0.0000000000
55804  -42.766  -43.905  -29.626  0.0000000000
55805  -43.232  -43.875  -29.522  0.0000000000
55811  -39.826  -43.586  -30.926  0.0000000000
55812  -40.185  -43.865  -30.435  0.0000000000
57082  0.000  0.000  0.000  0.0000000000
57083  0.000  0.000  0.000  0.0000000000
57084  0.000  0.000  0.000  0.0000000000
57085  0.000  0.000  0.000  0.0000000000
57104  0.000  0.000  0.000  0.0000000000
57105  0.000  0.000  0.000  0.0000000000
57106  0.000  0.000  0.000  0.0000000000
57107  0.000  0.000  0.000  0.0000000000
57124  0.000  0.000  0.000  0.0000000000
57125  0.000  0.000  0.000  0.0000000000
57126  0.000  0.000  0.000  0.0000000000
57142  -41.525  -42.575  -22.300  0.0000000000
57143  -41.939  -42.890  -22.249  0.0000000000
57144  -42.789  -42.811  -22.034  0.0000000000
57145  -43.600  -42.800  -22.000  0.0000000000
57146  -44.400  -42.800  -22.000  0.0000000000
57147  -45.200  -42.800  -22.014  0.0000000000
57148  -45.943  -42.800  -22.170  0.0000000000
57149  -46.495  -43.067  -22.362  0.0000000000
57150  0.000  0.000  0.000  0.0000000000
57151  0.000  0.000  0.000  0.0000000000
57152  0.000  0.000  0.000  0.0000000000
57172  -40.697  -43.055  -23.117  0.0000000000
57173  -41.297  -42.740  -22.576  0.0000000000
57174  -41.683  -43.050  -22.483  0.0000000000
57175  -46.305  -42.533  -22.438  0.0000000000
57176  -46.857  -42.789  -22.653  0.0000000000
57177  -47.603  -42.686  -23.017  0.0000000000
57178  -48.200  -43.007  -23.185  0.0000000000
57202  -40.556  -42.699  -23.759  0.0000000000
57203  -48.094  -42.519  -23.330  0.0000000000
57204  -48.704  -42.767  -23.442  0.0000000000
57205  -49.441  -42.800  -23.667  0.0000000000
57206  -49.989  -42.732  -23.938  0.0000000000
57207  0.000  0.000  0.000  0.0000000000
57220  -40.830  -42.740  -24.363  0.0000000000
57221  -41.368  -42.778  -24.716  0.0000000000
57222  -41.762  -42.516  -24.816  0.0000000000
57223  -50.387  -42.587  -24.206  0.0000000000
57224  -50.916  -42.732  -24.318  0.0000000000
57225  -51.661  -42.800  -24.386  0.0000000000
57226  -52.438  -42.800  -24.496  0.0000000000
57227  -53.010  -42.800  -24.692  0.0000000000
57228  0.000  0.000  0.000  0.0000000000
57229  0.000  0.000  0.000  0.0000000000
57239  -41.492  -43.030  -24.912  0.0000000000
57240  -41.919  -42.833  -25.086  0.0000000000
57241  -42.739  -42.891  -25.532  0.0000000000
57242  -43.230  -43.110  -25.537  0.0000000000
57243  -53.409  -42.833  -24.913  0.0000000000
57244  -53.958  -42.901  -25.041  0.0000000000
57245  0.000  0.000  0.000  0.0000000000
57249  -41.543  -42.457  -26.343  0.0000000000
57250  -42.196  -42.604  -26.196  0.0000000000
57251  -42.849  -42.776  -26.074  0.0000000000
57252  -43.470  -43.084  -25.931  0.0000000000
57253  -43.942  -43.288  -26.139  0.0000000000
57257  -40.710  -42.490  -27.110  0.0000000000
57258  -41.298  -42.702  -26.898  0.0000000000
57259  -41.935  -42.865  -26.735  0.0000000000
57260  -42.620  -42.980  -26.620  0.0000000000
57261  -43.339  -43.087  -26.526  0.0000000000
57262  -43.972  -43.276  -26.480  0.0000000000
57265  -39.992  -42.408  -27.992  0.0000000000
57266  -40.498  -42.702  -27.698  0.0000000000
57267  -41.102  -42.898  -27.502  0.0000000000
57268  -41.706  -43.094  -27.306  0.0000000000
57284  -39.894  -42.506  -28.694  0.0000000000
57285  -40.335  -42.865  -28.335  0.0000000000
57286  -40.906  -43.094  -28.106  0.0000000000
57296  -39.829  -42.571  -29.429  0.0000000000
57297  -40.220  -42.980  -29.020  0.0000000000
57304  -39.763  -42.656  -30.144  0.0000000000
57305  -40.120  -43.108  -29.706  0.0000000000
57313  -39.694  -42.754  -30.828  0.0000000000
58690  -41.599  -42.058  -22.254  0.0000000000
58691  -42.325  -42.026  -22.063  0.0000000000
58692  -43.127  -42.000  -22.000  0.0000000000
58693  -43.927  -42.000  -22.000  0.0000000000
58694  -44.727  -42.000  -22.038  0.0000000000
58695  -45.432  -42.046  -22.124  0.0000000000
58696  -45.943  -42.008  -22.317  0.0000000000
58723  -40.712  -41.965  -23.102  0.0000000000
58724  -41.141  -41.853  -22.554  0.0000000000
58725  -46.446  -41.962  -22.609  0.0000000000
58726  -47.059  -41.968  -22.866  0.0000000000
58727  -47.521  -41.830  -23.103  0.0000000000
58751  -40.512  -41.828  -23.793  0.0000000000
58752  -47.932  -41.930  -23.332  0.0000000000
58753  -48.518  -41.962  -23.515  0.0000000000
58754  -49.241  -42.000  -23.644  0.0000000000
58755  -49.823  -42.046  -23.857  0.0000000000
58769  -40.690  -42.012  -24.229  0.0000000000
58770  -41.212  -42.091  -24.714  0.0000000000
58771  -41.620  -42.356  -24.745  0.0000000000
58772  -50.241  -42.059  -24.123  0.0000000000
58773  -50.805  -42.046  -24.283  0.0000000000
58774  -51.535  -42.065  -24.335  0.0000000000
58775  -52.367  -42.033  -24.367  0.0000000000
58776  -53.281  -42.036  -24.568  0.0000000000
58777  0.000  0.000  0.000  0.0000000000
58778  0.000  0.000  0.000  0.0000000000
58779  0.000  0.000  0.000  0.0000000000
58794  -41.347  -41.878  -25.372  0.0000000000
58795  -41.863  -42.271  -25.144  0.0000000000
58796  -42.330  -42.488  -25.323  0.0000000000
58797  -53.364  -42.430  -24.806  0.0000000000
58798  -53.791  -42.323  -24.869  0.0000000000
58799  -54.415  -42.380  -24.848  0.0000000000
58808  -40.645  -41.755  -26.245  0.0000000000
58809  -41.200  -42.000  -26.000  0.0000000000
58810  -41.804  -42.221  -25.791  0.0000000000
58811  -42.379  -42.447  -25.673  0.0000000000
58813  -39.927  -41.673  -27.127  0.0000000000
58814  -40.400  -42.000  -26.800  0.0000000000
58815  -40.971  -42.229  -26.571  0.0000000000
58817  -39.780  -41.839  -27.761  0.0000000000
58818  -40.188  -42.212  -27.388  0.0000000000
58832  -39.698  -41.921  -28.446  0.0000000000
58841  -39.665  -41.935  -29.200  0.0000000000
58848  -39.649  -41.984  -29.983  0.0000000000
58860  -39.619  -42.153  -30.609  0.0000000000
60221  -41.413  -41.100  -22.312  0.0000000000
60222  -42.104  -41.200  -22.071  0.0000000000
60223  -42.865  -41.200  -22.000  0.0000000000
60224  -43.665  -41.200  -22.000  0.0000000000
60225  -44.433  -41.200  -22.071  0.0000000000
60226  -45.251  -41.200  -22.267  0.0000000000
60227  -45.639  -41.584  -22.261  0.0000000000
60254  -40.633  -40.972  -23.080  0.0000000000
60255  -40.944  -41.317  -22.694  0.0000000000
60256  -45.630  -40.816  -22.562  0.0000000000
60257  -46.025  -41.200  -22.559  0.0000000000
60258  -46.862  -41.200  -22.804  0.0000000000
60259  -47.421  -41.227  -23.046  0.0000000000
60274  -40.435  -41.195  -23.702  0.0000000000
60275  -47.852  -41.227  -23.306  0.0000000000
60276  -48.453  -41.200  -23.509  0.0000000000
60277  -49.194  -41.219  -23.625  0.0000000000
60278  -50.051  -41.250  -23.787  0.0000000000
60279  -50.976  -40.971  -23.854  0.0000000000
60280  0.000  0.000  0.000  0.0000000000
60281  0.000  0.000  0.000  0.0000000000
60282  0.000  0.000  0.000  0.0000000000
60292  -40.537  -41.272  -24.506  0.0000000000
60293  -40.852  -41.630  -24.572  0.0000000000
60294  -50.164  -41.630  -24.006  0.0000000000
60295  -50.607  -41.507  -24.086  0.0000000000
60296  -51.339  -41.461  -24.139  0.0000000000
60297  -52.159  -41.429  -24.146  0.0000000000
60298  0.000  0.000  0.000  0.0000000000
60299  0.000  0.000  0.000  0.0000000000
60310  -40.534  -41.110  -25.354  0.0000000000
60311  -40.935  -41.491  -25.029  0.0000000000
60322  -39.950  -40.884  -26.260  0.0000000000
60323  -40.395  -41.224  -25.995  0.0000000000
60324  -40.890  -41.510  -25.690  0.0000000000
60330  -39.780  -41.020  -26.914  0.0000000000
60331  -40.171  -41.429  -26.571  0.0000000000
60335  -39.682  -41.152  -27.616  0.0000000000
60350  -39.619  -41.353  -28.209  0.0000000000
60360  -39.600  -41.233  -28.873  0.0000000000
61807  -41.451  -40.195  -22.338  0.0000000000
61808  -42.003  -40.353  -22.114  0.0000000000
61809  -42.735  -40.400  -22.000  0.0000000000
61810  -43.539  -40.400  -22.014  0.0000000000
61811  -44.282  -40.438  -22.085  0.0000000000
61812  -44.900  -40.438  -22.276  0.0000000000
61834  -40.640  -40.203  -23.056  0.0000000000
61835  -41.018  -40.578  -22.661  0.0000000000
61836  -45.427  -40.354  -22.558  0.0000000000
61837  -46.013  -40.354  -22.706  0.0000000000
61838  -46.747  -40.400  -22.787  0.0000000000
61839  -47.616  -40.400  -23.014  0.0000000000
61840  -48.221  -40.069  -23.124  0.0000000000
61852  -39.936  -39.958  -23.859  0.0000000000
61853  -40.260  -40.427  -23.644  0.0000000000
61854  -47.792  -40.784  -23.216  0.0000000000
61855  -48.355  -40.430  -23.330  0.0000000000
61856  -49.140  -40.433  -23.546  0.0000000000
61857  -49.805  -40.572  -23.630  0.0000000000
61858  -50.518  -40.401  -23.658  0.0000000000
61859  0.000  0.000  0.000  0.0000000000
61860  0.000  0.000  0.000  0.0000000000
61861  0.000  0.000  0.000  0.0000000000
61862  0.000  0.000  0.000  0.0000000000
61869  -39.922  -40.211  -24.234  0.0000000000
61870  -40.174  -40.656  -24.361  0.0000000000
61871  0.000  0.000  0.000  0.0000000000
61872  0.000  0.000  0.000  0.0000000000
61883  -39.863  -40.185  -24.877  0.0000000000
61884  -40.187  -40.671  -25.146  0.0000000000
61896  -39.835  -40.295  -25.727  0.0000000000
61897  -40.179  -40.793  -25.751  0.0000000000
61905  -39.694  -40.320  -26.543  0.0000000000
61912  -39.631  -40.398  -27.308  0.0000000000
61926  -39.641  -40.558  -28.214  0.0000000000
63424  -41.446  -39.810  -22.374  0.0000000000
63425  -41.817  -39.604  -22.314  0.0000000000
63426  -42.526  -39.678  -22.094  0.0000000000
63427  -43.278  -39.665  -22.080  0.0000000000
63428  -44.096  -39.662  -22.174  0.0000000000
63429  -44.690  -39.867  -22.266  0.0000000000
63446  -40.670  -39.830  -23.047  0.0000000000
63447  -41.105  -39.640  -22.828  0.0000000000
63448  -41.613  -39.229  -22.654  0.0000000000
63449  -44.550  -39.378  -22.411  0.0000000000
63450  -45.042  -39.600  -22.546  0.0000000000
63451  -45.724  -39.600  -22.739  0.0000000000
63452  -46.473  -39.600  -22.800  0.0000000000
63453  -47.290  -39.600  -22.840  0.0000000000
63454  -48.121  -39.560  -22.958  0.0000000000
63455  -48.711  -39.333  -23.061  0.0000000000
63468  -39.883  -39.636  -23.831  0.0000000000
63469  -40.366  -39.670  -23.459  0.0000000000
63470  -40.741  -39.245  -23.368  0.0000000000
63471  -48.553  -39.813  -23.185  0.0000000000
63472  -49.085  -39.646  -23.328  0.0000000000
63473  -49.908  -39.791  -23.513  0.0000000000
63474  0.000  0.000  0.000  0.0000000000
63475  0.000  0.000  0.000  0.0000000000
63476  0.000  0.000  0.000  0.0000000000
63486  -39.771  -39.667  -24.340  0.0000000000
63496  -39.687  -39.567  -25.170  0.0000000000
63507  -39.629  -39.586  -26.004  0.0000000000
63516  -39.631  -39.616  -26.784  0.0000000000
63528  -39.755  -39.655  -27.573  0.0000000000
64971  -42.303  -39.230  -22.238  0.0000000000
64972  -42.780  -39.107  -22.246  0.0000000000
64973  -43.501  -39.067  -22.300  0.0000000000
64974  -44.100  -39.067  -22.400  0.0000000000
64983  -41.397  -38.769  -22.958  0.0000000000
64984  -42.064  -38.789  -22.581  0.0000000000
64985  -42.865  -38.571  -22.533  0.0000000000
64986  -43.627  -38.577  -22.582  0.0000000000
64987  -44.445  -38.771  -22.634  0.0000000000
64988  -45.218  -38.800  -22.757  0.0000000000
64989  -46.000  -38.800  -22.800  0.0000000000
64990  -46.800  -38.800  -22.800  0.0000000000
64991  -47.604  -38.800  -22.814  0.0000000000
64992  -48.365  -38.762  -22.881  0.0000000000
64993  -49.104  -38.771  -23.029  0.0000000000
65010  -39.954  -39.297  -23.940  0.0000000000
65011  -40.366  -38.771  -23.870  0.0000000000
65012  -40.940  -38.769  -23.377  0.0000000000
65013  -49.617  -39.128  -23.289  0.0000000000
65014  0.000  0.000  0.000  0.0000000000
65015  0.000  0.000  0.000  0.0000000000
65029  -39.861  -38.875  -24.584  0.0000000000
65030  -40.112  -38.469  -24.332  0.0000000000
65039  -39.677  -38.871  -25.488  0.0000000000
65047  -39.684  -38.903  -26.242  0.0000000000
65061  -39.794  -38.980  -26.914  0.0000000000
66492  -41.618  -37.953  -23.055  0.0000000000
66493  -42.337  -37.986  -22.805  0.0000000000
66494  -43.127  -37.935  -22.749  0.0000000000
66495  -43.927  -37.967  -22.753  0.0000000000
66496  -44.727  -38.000  -22.786  0.0000000000
66497  -45.527  -38.000  -22.800  0.0000000000
66498  -46.327  -38.000  -22.800  0.0000000000
66499  -47.127  -38.000  -22.800  0.0000000000
66500  0.000  0.000  0.000  0.0000000000
66501  0.000  0.000  0.000  0.0000000000
66526  -40.748  -37.953  -23.836  0.0000000000
66527  -41.144  -38.122  -23.356  0.0000000000
66540  -40.026  -38.258  -24.699  0.0000000000
66541  -40.364  -38.009  -24.472  0.0000000000
66549  -39.887  -38.276  -25.279  0.0000000000
66550  -40.237  -37.846  -25.252  0.0000000000
66559  -39.801  -38.373  -25.880  0.0000000000
66560  -40.182  -37.920  -26.024  0.0000000000
66576  -39.940  -38.380  -26.503  0.0000000000
68071  -41.644  -37.372  -23.224  0.0000000000
68072  -42.083  -37.399  -23.060  0.0000000000
68073  -42.815  -37.264  -22.960  0.0000000000
68074  -43.600  -37.265  -22.880  0.0000000000
68075  -44.400  -37.265  -22.865  0.0000000000
68076  -45.204  -37.247  -22.861  0.0000000000
68077  -46.004  -37.214  -22.829  0.0000000000
68078  -46.800  -37.200  -22.800  0.0000000000
68079  0.000  0.000  0.000  0.0000000000
68080  0.000  0.000  0.000  0.0000000000
68106  -40.844  -37.372  -24.024  0.0000000000
68107  -41.305  -37.239  -23.679  0.0000000000
68108  -41.964  -37.000  -23.393  0.0000000000
68109  -42.502  -36.956  -23.203  0.0000000000
69585  -42.877  -36.792  -23.170  0.0000000000
69586  -43.332  -36.708  -23.125  0.0000000000
69587  -44.120  -36.651  -23.065  0.0000000000
69588  -44.943  -36.643  -23.057  0.0000000000
69589  -45.760  -36.522  -23.018  0.0000000000
69614  -41.468  -36.757  -23.882  0.0000000000
69615  -41.827  -36.669  -23.829  0.0000000000
69616  -42.696  -36.474  -23.580  0.0000000000
218602  -41.051  -46.994  -20.855  0.0000000000
