#!ascii label  , from subject  vox2ras=TkReg
2020
3290  0.000  0.000  0.000  0.0000000000
3291  0.000  0.000  0.000  0.0000000000
4060  0.000  0.000  0.000  0.0000000000
4061  0.000  0.000  0.000  0.0000000000
4062  0.000  0.000  0.000  0.0000000000
4063  0.000  0.000  0.000  0.0000000000
4071  0.000  0.000  0.000  0.0000000000
4072  0.000  0.000  0.000  0.0000000000
4073  0.000  0.000  0.000  0.0000000000
4074  0.000  0.000  0.000  0.0000000000
4088  0.000  0.000  0.000  0.0000000000
4089  0.000  0.000  0.000  0.0000000000
4883  0.000  0.000  0.000  0.0000000000
4884  0.000  0.000  0.000  0.0000000000
4892  0.000  0.000  0.000  0.0000000000
4893  0.000  0.000  0.000  0.0000000000
4894  0.000  0.000  0.000  0.0000000000
4895  0.000  0.000  0.000  0.0000000000
4896  0.000  0.000  0.000  0.0000000000
4904  0.000  0.000  0.000  0.0000000000
4905  0.000  0.000  0.000  0.0000000000
4906  0.000  0.000  0.000  0.0000000000
4907  0.000  0.000  0.000  0.0000000000
4908  0.000  0.000  0.000  0.0000000000
4921  0.000  0.000  0.000  0.0000000000
4922  0.000  0.000  0.000  0.0000000000
4923  0.000  0.000  0.000  0.0000000000
4924  0.000  0.000  0.000  0.0000000000
4936  0.000  0.000  0.000  0.0000000000
4937  0.000  0.000  0.000  0.0000000000
5721  0.000  0.000  0.000  0.0000000000
5722  0.000  0.000  0.000  0.0000000000
5723  0.000  0.000  0.000  0.0000000000
5724  0.000  0.000  0.000  0.0000000000
5733  0.000  0.000  0.000  0.0000000000
5734  0.000  0.000  0.000  0.0000000000
5735  0.000  0.000  0.000  0.0000000000
5736  0.000  0.000  0.000  0.0000000000
5737  0.000  0.000  0.000  0.0000000000
5738  0.000  0.000  0.000  0.0000000000
5745  0.000  0.000  0.000  0.0000000000
5746  0.000  0.000  0.000  0.0000000000
5747  0.000  0.000  0.000  0.0000000000
5748  0.000  0.000  0.000  0.0000000000
5758  0.000  0.000  0.000  0.0000000000
5759  0.000  0.000  0.000  0.0000000000
5772  0.000  0.000  0.000  0.0000000000
5773  0.000  0.000  0.000  0.0000000000
6627  0.000  0.000  0.000  0.0000000000
6628  0.000  0.000  0.000  0.0000000000
6629  0.000  0.000  0.000  0.0000000000
6630  0.000  0.000  0.000  0.0000000000
6631  0.000  0.000  0.000  0.0000000000
6642  0.000  0.000  0.000  0.0000000000
6643  0.000  0.000  0.000  0.0000000000
6644  0.000  0.000  0.000  0.0000000000
6645  0.000  0.000  0.000  0.0000000000
6646  0.000  0.000  0.000  0.0000000000
6654  0.000  0.000  0.000  0.0000000000
6655  0.000  0.000  0.000  0.0000000000
6656  0.000  0.000  0.000  0.0000000000
6657  0.000  0.000  0.000  0.0000000000
6658  0.000  0.000  0.000  0.0000000000
6659  0.000  0.000  0.000  0.0000000000
6667  0.000  0.000  0.000  0.0000000000
6668  0.000  0.000  0.000  0.0000000000
6669  0.000  0.000  0.000  0.0000000000
6682  0.000  0.000  0.000  0.0000000000
7655  0.000  0.000  0.000  0.0000000000
7656  0.000  0.000  0.000  0.0000000000
7657  0.000  0.000  0.000  0.0000000000
7658  0.000  0.000  0.000  0.0000000000
7659  0.000  0.000  0.000  0.0000000000
7660  0.000  0.000  0.000  0.0000000000
7661  0.000  0.000  0.000  0.0000000000
7672  0.000  0.000  0.000  0.0000000000
7673  0.000  0.000  0.000  0.0000000000
7674  0.000  0.000  0.000  0.0000000000
7675  0.000  0.000  0.000  0.0000000000
7676  0.000  0.000  0.000  0.0000000000
7677  0.000  0.000  0.000  0.0000000000
7678  0.000  0.000  0.000  0.0000000000
7689  0.000  0.000  0.000  0.0000000000
7690  0.000  0.000  0.000  0.0000000000
7691  0.000  0.000  0.000  0.0000000000
7692  0.000  0.000  0.000  0.0000000000
7693  0.000  0.000  0.000  0.0000000000
7694  0.000  0.000  0.000  0.0000000000
7701  0.000  0.000  0.000  0.0000000000
7702  0.000  0.000  0.000  0.0000000000
7703  0.000  0.000  0.000  0.0000000000
7704  0.000  0.000  0.000  0.0000000000
7705  18.138  -73.075  -40.355  0.0000000000
7714  0.000  0.000  0.000  0.0000000000
7715  0.000  0.000  0.000  0.0000000000
8753  0.000  0.000  0.000  0.0000000000
8754  0.000  0.000  0.000  0.0000000000
8755  0.000  0.000  0.000  0.0000000000
8756  0.000  0.000  0.000  0.0000000000
8757  0.000  0.000  0.000  0.0000000000
8758  0.000  0.000  0.000  0.0000000000
8767  0.000  0.000  0.000  0.0000000000
8768  0.000  0.000  0.000  0.0000000000
8769  0.000  0.000  0.000  0.0000000000
8770  0.000  0.000  0.000  0.0000000000
8771  0.000  0.000  0.000  0.0000000000
8772  0.000  0.000  0.000  0.0000000000
8773  0.000  0.000  0.000  0.0000000000
8783  0.000  0.000  0.000  0.0000000000
8784  0.000  0.000  0.000  0.0000000000
8785  0.000  0.000  0.000  0.0000000000
8786  20.944  -72.178  -39.250  0.0000000000
8787  20.347  -72.347  -39.466  0.0000000000
8788  19.569  -72.424  -39.822  0.0000000000
8789  19.038  -72.784  -39.938  0.0000000000
8795  0.000  0.000  0.000  0.0000000000
8796  0.000  0.000  0.000  0.0000000000
8797  0.000  0.000  0.000  0.0000000000
8798  0.000  0.000  0.000  0.0000000000
8799  19.458  -72.080  -40.044  0.0000000000
8800  18.887  -72.378  -40.206  0.0000000000
8801  18.075  -72.315  -40.612  0.0000000000
8802  17.685  -72.744  -40.624  0.0000000000
8808  0.000  0.000  0.000  0.0000000000
8809  17.893  -72.060  -40.831  0.0000000000
9945  0.000  0.000  0.000  0.0000000000
9946  0.000  0.000  0.000  0.0000000000
9947  0.000  0.000  0.000  0.0000000000
9948  0.000  0.000  0.000  0.0000000000
9960  0.000  0.000  0.000  0.0000000000
9961  0.000  0.000  0.000  0.0000000000
9962  0.000  0.000  0.000  0.0000000000
9963  0.000  0.000  0.000  0.0000000000
9964  0.000  0.000  0.000  0.0000000000
9965  21.904  -71.640  -39.028  0.0000000000
9966  21.350  -71.822  -39.189  0.0000000000
9975  0.000  0.000  0.000  0.0000000000
9976  0.000  0.000  0.000  0.0000000000
9977  21.591  -71.333  -39.344  0.0000000000
9978  20.978  -71.600  -39.521  0.0000000000
9979  20.220  -71.653  -39.897  0.0000000000
9980  19.724  -71.920  -39.973  0.0000000000
9985  0.000  0.000  0.000  0.0000000000
9986  0.000  0.000  0.000  0.0000000000
9987  0.000  0.000  0.000  0.0000000000
9988  0.000  0.000  0.000  0.0000000000
9989  0.000  0.000  0.000  0.0000000000
9990  20.128  -71.372  -40.128  0.0000000000
9991  19.657  -71.588  -40.201  0.0000000000
9992  18.760  -71.618  -40.616  0.0000000000
9993  18.160  -71.900  -40.760  0.0000000000
9998  0.000  0.000  0.000  0.0000000000
9999  0.000  0.000  0.000  0.0000000000
10000  18.661  -71.269  -40.876  0.0000000000
10001  18.091  -71.564  -40.946  0.0000000000
11141  0.000  0.000  0.000  0.0000000000
11142  0.000  0.000  0.000  0.0000000000
11143  0.000  0.000  0.000  0.0000000000
11157  0.000  0.000  0.000  0.0000000000
11158  0.000  0.000  0.000  0.0000000000
11159  0.000  0.000  0.000  0.0000000000
11160  0.000  0.000  0.000  0.0000000000
11161  0.000  0.000  0.000  0.0000000000
11162  0.000  0.000  0.000  0.0000000000
11163  0.000  0.000  0.000  0.0000000000
11164  22.372  -71.184  -39.014  0.0000000000
11171  0.000  0.000  0.000  0.0000000000
11172  0.000  0.000  0.000  0.0000000000
11173  22.675  -70.469  -39.258  0.0000000000
11174  22.144  -70.770  -39.298  0.0000000000
11175  21.375  -70.767  -39.660  0.0000000000
11176  20.793  -71.081  -39.859  0.0000000000
11181  0.000  0.000  0.000  0.0000000000
11182  0.000  0.000  0.000  0.0000000000
11183  0.000  0.000  0.000  0.0000000000
11184  0.000  0.000  0.000  0.0000000000
11185  0.000  0.000  0.000  0.0000000000
11186  20.951  -70.548  -40.003  0.0000000000
11187  20.319  -70.877  -40.174  0.0000000000
11188  19.586  -70.811  -40.533  0.0000000000
11189  19.025  -71.013  -40.776  0.0000000000
11195  0.000  0.000  0.000  0.0000000000
11196  0.000  0.000  0.000  0.0000000000
11197  0.000  0.000  0.000  0.0000000000
11198  0.000  0.000  0.000  0.0000000000
11199  0.000  0.000  0.000  0.0000000000
11200  19.295  -70.533  -40.838  0.0000000000
11201  18.732  -70.777  -41.011  0.0000000000
11202  17.994  -70.819  -41.160  0.0000000000
11213  0.000  0.000  0.000  0.0000000000
12299  28.022  -69.502  -34.169  0.0000000000
12300  27.538  -69.579  -34.235  0.0000000000
12301  26.807  -69.615  -34.307  0.0000000000
12302  26.008  -69.676  -34.345  0.0000000000
12303  25.334  -69.785  -34.387  0.0000000000
12304  24.662  -69.701  -34.332  0.0000000000
12305  23.861  -69.673  -34.327  0.0000000000
12306  23.061  -69.661  -34.301  0.0000000000
12307  22.247  -69.689  -34.258  0.0000000000
12308  21.457  -69.697  -34.261  0.0000000000
12309  20.889  -69.606  -34.327  0.0000000000
12316  27.998  -69.516  -34.464  0.0000000000
12317  27.354  -69.670  -34.639  0.0000000000
12318  26.572  -69.695  -34.888  0.0000000000
12319  25.700  -69.858  -34.818  0.0000000000
12320  24.925  -69.883  -34.805  0.0000000000
12321  24.139  -69.869  -34.800  0.0000000000
12322  23.339  -69.869  -34.800  0.0000000000
12323  22.539  -69.869  -34.800  0.0000000000
12324  21.739  -69.869  -34.800  0.0000000000
12325  21.053  -69.820  -34.762  0.0000000000
12326  20.607  -69.638  -34.656  0.0000000000
12336  26.446  -69.535  -35.340  0.0000000000
12337  25.962  -69.635  -35.296  0.0000000000
12338  25.200  -69.673  -35.273  0.0000000000
12339  24.400  -69.673  -35.273  0.0000000000
12340  23.600  -69.673  -35.273  0.0000000000
12341  22.800  -69.673  -35.273  0.0000000000
12342  22.000  -69.673  -35.273  0.0000000000
12343  21.217  -69.668  -35.238  0.0000000000
12344  20.670  -69.644  -35.060  0.0000000000
12389  27.990  -69.570  -39.057  0.0000000000
12390  27.428  -69.968  -39.113  0.0000000000
12391  0.000  0.000  0.000  0.0000000000
12392  25.735  -70.033  -38.818  0.0000000000
12393  0.000  0.000  0.000  0.0000000000
12394  0.000  0.000  0.000  0.0000000000
12395  23.544  -70.040  -39.051  0.0000000000
12396  22.983  -70.213  -39.215  0.0000000000
12402  28.118  -69.730  -39.373  0.0000000000
12403  0.000  0.000  0.000  0.0000000000
12404  23.196  -69.733  -39.328  0.0000000000
12405  22.589  -69.960  -39.431  0.0000000000
12406  21.862  -70.000  -39.627  0.0000000000
12407  21.272  -69.962  -39.900  0.0000000000
12411  28.136  -69.739  -39.899  0.0000000000
12412  0.000  0.000  0.000  0.0000000000
12413  0.000  0.000  0.000  0.0000000000
12414  20.770  -69.975  -40.187  0.0000000000
12415  20.188  -70.013  -40.438  0.0000000000
12416  19.631  -69.948  -40.706  0.0000000000
12421  0.000  0.000  0.000  0.0000000000
12422  0.000  0.000  0.000  0.0000000000
12423  0.000  0.000  0.000  0.0000000000
12424  0.000  0.000  0.000  0.0000000000
12425  0.000  0.000  0.000  0.0000000000
12426  19.124  -69.981  -41.004  0.0000000000
12427  18.571  -70.172  -41.164  0.0000000000
12428  17.934  -70.033  -41.200  0.0000000000
12429  17.142  -70.000  -41.162  0.0000000000
12440  0.000  0.000  0.000  0.0000000000
12441  0.000  0.000  0.000  0.0000000000
12442  0.000  0.000  0.000  0.0000000000
13638  28.898  -68.907  -33.637  0.0000000000
13639  28.785  -68.800  -33.544  0.0000000000
13640  22.439  -68.993  -33.563  0.0000000000
13641  22.166  -68.864  -33.443  0.0000000000
13642  21.672  -68.878  -33.483  0.0000000000
13651  29.022  -68.869  -33.909  0.0000000000
13652  28.465  -69.063  -33.972  0.0000000000
13653  27.798  -69.160  -33.989  0.0000000000
13654  27.112  -69.135  -34.037  0.0000000000
13655  26.308  -69.149  -34.065  0.0000000000
13656  25.374  -69.226  -34.090  0.0000000000
13657  24.433  -69.135  -34.065  0.0000000000
13658  23.607  -69.122  -34.002  0.0000000000
13659  22.815  -69.086  -33.830  0.0000000000
13660  21.959  -69.270  -33.762  0.0000000000
13661  21.179  -69.163  -33.849  0.0000000000
13662  20.510  -69.190  -34.188  0.0000000000
13663  19.994  -68.907  -34.306  0.0000000000
13669  28.946  -68.866  -34.349  0.0000000000
13670  28.483  -69.040  -34.736  0.0000000000
13671  27.813  -69.333  -34.928  0.0000000000
13672  27.254  -69.443  -35.054  0.0000000000
13673  20.279  -69.309  -34.779  0.0000000000
13674  19.613  -68.879  -34.830  0.0000000000
13675  19.067  -68.856  -35.217  0.0000000000
13683  28.188  -68.917  -35.183  0.0000000000
13684  27.652  -68.957  -35.310  0.0000000000
13685  26.888  -69.130  -35.371  0.0000000000
13686  26.197  -69.122  -35.516  0.0000000000
13687  25.461  -69.135  -35.535  0.0000000000
13688  24.661  -69.135  -35.535  0.0000000000
13689  23.861  -69.135  -35.535  0.0000000000
13690  23.061  -69.135  -35.535  0.0000000000
13691  22.261  -69.135  -35.535  0.0000000000
13692  21.440  -69.135  -35.523  0.0000000000
13693  20.477  -69.120  -35.443  0.0000000000
13694  19.611  -69.019  -35.603  0.0000000000
13695  18.858  -68.908  -35.775  0.0000000000
13696  18.338  -68.817  -36.138  0.0000000000
13710  20.064  -68.844  -35.958  0.0000000000
13711  19.483  -68.807  -36.364  0.0000000000
13712  18.781  -68.992  -36.433  0.0000000000
13713  18.257  -68.878  -36.657  0.0000000000
13725  19.066  -68.844  -36.904  0.0000000000
13726  18.543  -68.910  -36.937  0.0000000000
13727  18.250  -68.902  -36.950  0.0000000000
13749  28.819  -68.959  -39.331  0.0000000000
13750  28.410  -69.195  -39.137  0.0000000000
13751  27.702  -69.184  -39.092  0.0000000000
13752  26.833  -69.429  -39.079  0.0000000000
13753  26.000  -69.461  -39.061  0.0000000000
13754  25.200  -69.461  -39.061  0.0000000000
13755  24.438  -69.507  -39.046  0.0000000000
13756  23.954  -69.630  -39.024  0.0000000000
13770  28.862  -68.932  -39.824  0.0000000000
13771  28.545  -69.320  -39.617  0.0000000000
13772  27.525  -68.824  -39.266  0.0000000000
13773  27.084  -68.893  -39.304  0.0000000000
13774  26.327  -68.939  -39.339  0.0000000000
13775  25.527  -68.939  -39.339  0.0000000000
13776  24.719  -68.971  -39.333  0.0000000000
13777  23.828  -69.206  -39.314  0.0000000000
13778  23.034  -69.162  -39.510  0.0000000000
13779  22.282  -69.200  -39.602  0.0000000000
13780  21.624  -69.200  -39.763  0.0000000000
13787  28.868  -68.915  -40.143  0.0000000000
13788  0.000  0.000  0.000  0.0000000000
13789  0.000  0.000  0.000  0.0000000000
13790  21.118  -69.200  -40.057  0.0000000000
13791  20.580  -69.200  -40.318  0.0000000000
13792  19.994  -69.186  -40.565  0.0000000000
13793  16.943  -68.953  -40.660  0.0000000000
13794  16.563  -68.977  -40.630  0.0000000000
13805  0.000  0.000  0.000  0.0000000000
13806  0.000  0.000  0.000  0.0000000000
13807  0.000  0.000  0.000  0.0000000000
13808  19.349  -69.149  -40.862  0.0000000000
13809  18.574  -69.374  -41.091  0.0000000000
13810  17.745  -69.293  -41.106  0.0000000000
13811  16.982  -69.240  -40.917  0.0000000000
13822  0.000  0.000  0.000  0.0000000000
13823  0.000  0.000  0.000  0.0000000000
13824  0.000  0.000  0.000  0.0000000000
13825  0.000  0.000  0.000  0.0000000000
13832  0.000  0.000  0.000  0.0000000000
13833  0.000  0.000  0.000  0.0000000000
13841  0.000  0.000  0.000  0.0000000000
14994  29.693  -68.173  -33.473  0.0000000000
14995  29.234  -68.440  -33.524  0.0000000000
14996  28.540  -68.399  -33.421  0.0000000000
14997  28.000  -68.133  -33.467  0.0000000000
14998  23.346  -68.190  -33.503  0.0000000000
14999  22.860  -68.444  -33.489  0.0000000000
15000  22.102  -68.335  -33.320  0.0000000000
15001  21.329  -68.371  -33.429  0.0000000000
15002  20.643  -68.171  -33.457  0.0000000000
15003  20.070  -68.076  -33.544  0.0000000000
15010  29.737  -68.183  -33.821  0.0000000000
15011  29.345  -68.526  -34.130  0.0000000000
15012  28.062  -68.667  -33.733  0.0000000000
15013  27.507  -68.433  -33.767  0.0000000000
15014  26.761  -68.471  -33.901  0.0000000000
15015  25.967  -68.465  -33.935  0.0000000000
15016  25.026  -68.374  -33.910  0.0000000000
15017  24.145  -68.464  -33.906  0.0000000000
15018  23.430  -68.443  -33.720  0.0000000000
15019  23.026  -68.648  -33.699  0.0000000000
15020  20.750  -68.711  -33.722  0.0000000000
15021  20.231  -68.579  -33.838  0.0000000000
15022  19.562  -68.260  -34.016  0.0000000000
15023  19.059  -68.102  -34.340  0.0000000000
15030  29.727  -68.127  -34.355  0.0000000000
15031  29.203  -68.355  -34.751  0.0000000000
15032  28.639  -68.606  -35.117  0.0000000000
15033  19.253  -68.469  -34.496  0.0000000000
15034  18.849  -68.329  -34.828  0.0000000000
15035  18.357  -68.117  -35.219  0.0000000000
15040  28.933  -68.133  -35.183  0.0000000000
15041  28.326  -68.326  -35.380  0.0000000000
15042  27.517  -68.242  -35.534  0.0000000000
15043  26.604  -68.386  -35.571  0.0000000000
15044  25.804  -68.400  -35.600  0.0000000000
15045  25.004  -68.400  -35.600  0.0000000000
15046  24.204  -68.400  -35.600  0.0000000000
15047  23.404  -68.400  -35.600  0.0000000000
15048  22.586  -68.386  -35.600  0.0000000000
15049  21.753  -68.386  -35.638  0.0000000000
15050  21.012  -68.446  -35.699  0.0000000000
15051  20.468  -68.408  -35.892  0.0000000000
15052  18.611  -68.589  -35.300  0.0000000000
15053  18.196  -68.329  -35.734  0.0000000000
15065  20.038  -68.305  -36.294  0.0000000000
15066  19.707  -68.200  -36.745  0.0000000000
15067  17.789  -68.319  -36.517  0.0000000000
15068  17.321  -67.980  -36.784  0.0000000000
15083  19.312  -68.296  -37.291  0.0000000000
15084  18.685  -68.603  -37.416  0.0000000000
15085  17.983  -68.629  -37.203  0.0000000000
15086  17.137  -68.146  -37.256  0.0000000000
15087  16.625  -67.970  -37.619  0.0000000000
15097  19.180  -67.980  -37.844  0.0000000000
15098  18.727  -68.144  -38.121  0.0000000000
15099  18.049  -68.429  -38.029  0.0000000000
15100  17.283  -68.368  -37.968  0.0000000000
15101  16.713  -68.145  -37.896  0.0000000000
15113  28.743  -68.796  -39.118  0.0000000000
15114  28.391  -68.727  -39.134  0.0000000000
15115  27.899  -68.658  -39.226  0.0000000000
15116  18.457  -68.038  -38.674  0.0000000000
15117  18.123  -68.223  -38.665  0.0000000000
15118  17.470  -68.326  -38.738  0.0000000000
15119  16.635  -68.202  -38.707  0.0000000000
15120  16.048  -68.079  -39.082  0.0000000000
15135  28.813  -68.514  -39.476  0.0000000000
15136  28.334  -68.238  -39.414  0.0000000000
15137  27.585  -68.336  -39.440  0.0000000000
15138  26.800  -68.335  -39.520  0.0000000000
15139  26.000  -68.335  -39.535  0.0000000000
15140  25.200  -68.335  -39.535  0.0000000000
15141  24.393  -68.367  -39.529  0.0000000000
15142  23.593  -68.400  -39.562  0.0000000000
15143  22.800  -68.400  -39.600  0.0000000000
15144  22.049  -68.400  -39.649  0.0000000000
15145  21.445  -68.400  -39.845  0.0000000000
15146  17.880  -68.174  -39.363  0.0000000000
15147  17.225  -68.342  -39.555  0.0000000000
15148  16.453  -68.375  -39.604  0.0000000000
15149  15.706  -68.205  -39.599  0.0000000000
15161  0.000  0.000  0.000  0.0000000000
15162  0.000  0.000  0.000  0.0000000000
15163  20.966  -68.419  -40.152  0.0000000000
15164  20.425  -68.419  -40.393  0.0000000000
15165  19.709  -68.369  -40.560  0.0000000000
15166  18.997  -68.181  -40.533  0.0000000000
15167  18.107  -68.223  -40.241  0.0000000000
15168  17.114  -68.675  -40.434  0.0000000000
15169  16.174  -68.634  -40.183  0.0000000000
15183  0.000  0.000  0.000  0.0000000000
15184  0.000  0.000  0.000  0.0000000000
15185  0.000  0.000  0.000  0.0000000000
15186  19.242  -68.572  -40.796  0.0000000000
15187  18.756  -68.650  -40.839  0.0000000000
15188  17.999  -68.754  -40.883  0.0000000000
15189  17.487  -68.878  -40.925  0.0000000000
15199  0.000  0.000  0.000  0.0000000000
15200  0.000  0.000  0.000  0.0000000000
15201  0.000  0.000  0.000  0.0000000000
15207  0.000  0.000  0.000  0.0000000000
15208  0.000  0.000  0.000  0.0000000000
15213  0.000  0.000  0.000  0.0000000000
16289  25.858  -67.326  -27.862  0.0000000000
16290  25.392  -67.170  -27.984  0.0000000000
16301  25.204  -67.550  -28.419  0.0000000000
16302  24.237  -67.371  -28.629  0.0000000000
16303  23.404  -67.339  -28.661  0.0000000000
16314  0.000  0.000  0.000  0.0000000000
16315  23.861  -67.861  -28.939  0.0000000000
16355  31.340  -67.293  -32.607  0.0000000000
16356  31.027  -67.282  -32.618  0.0000000000
16357  30.315  -67.344  -32.658  0.0000000000
16358  29.507  -67.368  -32.640  0.0000000000
16359  28.888  -67.289  -32.671  0.0000000000
16370  31.282  -67.229  -32.800  0.0000000000
16371  30.796  -67.326  -33.125  0.0000000000
16372  29.900  -67.786  -33.322  0.0000000000
16373  29.029  -67.836  -33.055  0.0000000000
16374  28.375  -67.549  -33.067  0.0000000000
16375  27.650  -67.559  -33.379  0.0000000000
16376  26.953  -67.377  -33.452  0.0000000000
16377  26.196  -67.339  -33.461  0.0000000000
16378  25.410  -67.325  -33.456  0.0000000000
16379  24.621  -67.369  -33.457  0.0000000000
16380  23.667  -67.708  -33.465  0.0000000000
16381  22.758  -67.623  -33.269  0.0000000000
16382  21.949  -67.600  -33.229  0.0000000000
16383  21.182  -67.567  -33.261  0.0000000000
16384  20.439  -67.529  -33.299  0.0000000000
16385  19.705  -67.543  -33.452  0.0000000000
16386  19.244  -67.316  -33.532  0.0000000000
16397  30.573  -67.399  -33.757  0.0000000000
16398  30.108  -67.754  -34.079  0.0000000000
16399  27.133  -67.911  -33.689  0.0000000000
16400  26.514  -67.867  -33.733  0.0000000000
16401  25.738  -67.833  -33.733  0.0000000000
16402  25.066  -67.739  -33.689  0.0000000000
16403  24.424  -67.890  -33.745  0.0000000000
16404  23.919  -68.046  -33.757  0.0000000000
16405  19.340  -67.723  -33.689  0.0000000000
16406  19.058  -67.543  -33.959  0.0000000000
16413  30.484  -67.306  -34.279  0.0000000000
16414  29.962  -67.562  -34.616  0.0000000000
16415  29.405  -67.562  -34.986  0.0000000000
16416  18.736  -67.562  -34.484  0.0000000000
16417  18.381  -67.548  -34.957  0.0000000000
16419  13.535  -67.703  -35.155  0.0000000000
16422  28.890  -67.600  -35.290  0.0000000000
16423  28.301  -67.605  -35.486  0.0000000000
16424  27.760  -67.428  -35.567  0.0000000000
16425  27.066  -67.567  -35.600  0.0000000000
16426  26.261  -67.600  -35.600  0.0000000000
16427  25.461  -67.600  -35.600  0.0000000000
16428  24.661  -67.600  -35.600  0.0000000000
16429  23.861  -67.600  -35.600  0.0000000000
16430  23.043  -67.586  -35.600  0.0000000000
16431  22.143  -67.471  -35.648  0.0000000000
16432  21.186  -67.589  -35.841  0.0000000000
16433  20.761  -67.984  -35.861  0.0000000000
16434  18.070  -67.454  -35.562  0.0000000000
16435  13.744  -67.287  -35.310  0.0000000000
16439  20.833  -67.216  -36.159  0.0000000000
16440  20.467  -67.630  -36.225  0.0000000000
16441  19.917  -67.619  -36.669  0.0000000000
16442  17.792  -67.605  -36.150  0.0000000000
16443  17.413  -67.554  -36.609  0.0000000000
16457  19.608  -67.581  -37.208  0.0000000000
16458  17.026  -67.529  -37.015  0.0000000000
16459  16.595  -67.578  -37.443  0.0000000000
16472  19.343  -67.592  -37.771  0.0000000000
16473  19.047  -67.600  -38.269  0.0000000000
16474  16.178  -67.652  -38.095  0.0000000000
16475  15.694  -67.285  -38.317  0.0000000000
16485  18.723  -67.668  -38.940  0.0000000000
16486  18.259  -67.990  -39.059  0.0000000000
16487  16.069  -67.911  -38.674  0.0000000000
16488  15.499  -67.589  -38.895  0.0000000000
16505  28.801  -67.708  -39.792  0.0000000000
16506  28.129  -67.582  -39.582  0.0000000000
16507  27.339  -67.600  -39.586  0.0000000000
16508  26.539  -67.600  -39.600  0.0000000000
16509  25.739  -67.600  -39.600  0.0000000000
16510  24.939  -67.600  -39.600  0.0000000000
16511  24.139  -67.600  -39.600  0.0000000000
16512  23.339  -67.600  -39.600  0.0000000000
16513  22.539  -67.600  -39.600  0.0000000000
16514  21.800  -67.600  -39.707  0.0000000000
16515  21.234  -67.676  -39.960  0.0000000000
16516  19.276  -67.257  -39.714  0.0000000000
16517  18.896  -67.531  -39.675  0.0000000000
16518  18.341  -67.856  -39.679  0.0000000000
16519  15.301  -67.891  -39.476  0.0000000000
16538  0.000  0.000  0.000  0.0000000000
16539  20.825  -67.822  -40.219  0.0000000000
16540  20.327  -67.697  -40.304  0.0000000000
16541  19.533  -67.507  -40.129  0.0000000000
16542  18.659  -67.824  -40.128  0.0000000000
16543  18.288  -67.897  -40.098  0.0000000000
16563  0.000  0.000  0.000  0.0000000000
16564  0.000  0.000  0.000  0.0000000000
16576  0.000  0.000  0.000  0.0000000000
16577  0.000  0.000  0.000  0.0000000000
16578  0.000  0.000  0.000  0.0000000000
16591  0.000  0.000  0.000  0.0000000000
16592  0.000  0.000  0.000  0.0000000000
16593  0.000  0.000  0.000  0.0000000000
16609  0.000  0.000  0.000  0.0000000000
16610  0.000  0.000  0.000  0.0000000000
16625  0.000  0.000  0.000  0.0000000000
16626  0.000  0.000  0.000  0.0000000000
17650  0.000  0.000  0.000  0.0000000000
17651  0.000  0.000  0.000  0.0000000000
17663  0.000  0.000  0.000  0.0000000000
17664  26.387  -66.578  -26.952  0.0000000000
17675  26.614  -67.013  -27.183  0.0000000000
17676  26.093  -66.805  -27.368  0.0000000000
17677  25.523  -66.760  -27.693  0.0000000000
17687  25.117  -66.792  -28.032  0.0000000000
17688  24.562  -66.793  -28.320  0.0000000000
17689  23.803  -66.722  -28.440  0.0000000000
17690  22.996  -66.735  -28.465  0.0000000000
17725  32.836  -66.401  -31.276  0.0000000000
17726  32.362  -66.504  -31.117  0.0000000000
17727  31.646  -66.468  -31.033  0.0000000000
17728  31.184  -66.335  -31.020  0.0000000000
17738  32.827  -66.391  -31.538  0.0000000000
17739  32.367  -66.563  -31.772  0.0000000000
17740  31.600  -66.755  -31.633  0.0000000000
17741  30.800  -66.602  -31.531  0.0000000000
17742  30.000  -66.579  -31.745  0.0000000000
17743  29.571  -66.403  -31.739  0.0000000000
17754  32.095  -66.520  -32.584  0.0000000000
17755  31.540  -66.999  -32.421  0.0000000000
17756  30.865  -67.041  -32.159  0.0000000000
17757  30.065  -66.971  -32.153  0.0000000000
17758  29.288  -66.738  -32.184  0.0000000000
17759  28.605  -66.793  -32.592  0.0000000000
17771  32.001  -66.370  -33.023  0.0000000000
17772  31.471  -66.741  -33.234  0.0000000000
17773  30.972  -67.118  -33.533  0.0000000000
17774  28.040  -66.712  -32.965  0.0000000000
17775  27.323  -66.753  -33.207  0.0000000000
17776  26.539  -66.735  -33.265  0.0000000000
17777  25.739  -66.735  -33.265  0.0000000000
17778  24.939  -66.735  -33.265  0.0000000000
17779  24.118  -66.779  -33.267  0.0000000000
17780  23.285  -66.811  -33.234  0.0000000000
17781  22.473  -66.800  -33.200  0.0000000000
17782  21.673  -66.800  -33.200  0.0000000000
17783  20.873  -66.800  -33.162  0.0000000000
17784  20.088  -66.833  -33.158  0.0000000000
17785  19.394  -66.795  -33.283  0.0000000000
17786  18.951  -66.795  -33.616  0.0000000000
17798  31.254  -66.454  -33.790  0.0000000000
17799  30.928  -66.862  -33.944  0.0000000000
17800  18.709  -66.871  -34.141  0.0000000000
17809  30.498  -66.827  -34.455  0.0000000000
17810  29.943  -66.838  -34.748  0.0000000000
17811  29.300  -66.800  -35.000  0.0000000000
17812  28.817  -66.533  -35.100  0.0000000000
17813  18.448  -66.838  -34.676  0.0000000000
17814  18.143  -66.783  -35.195  0.0000000000
17820  28.762  -67.067  -35.295  0.0000000000
17821  28.267  -66.817  -35.367  0.0000000000
17822  27.548  -66.852  -35.501  0.0000000000
17823  26.818  -66.833  -35.539  0.0000000000
17824  26.051  -66.800  -35.571  0.0000000000
17825  25.265  -66.800  -35.600  0.0000000000
17826  24.465  -66.800  -35.600  0.0000000000
17827  23.665  -66.800  -35.600  0.0000000000
17828  22.866  -66.767  -35.600  0.0000000000
17829  22.229  -66.628  -35.619  0.0000000000
17830  21.641  -66.767  -35.752  0.0000000000
17831  17.921  -66.726  -35.675  0.0000000000
17832  14.544  -66.544  -35.188  0.0000000000
17833  14.120  -66.703  -35.603  0.0000000000
17834  13.643  -67.037  -35.816  0.0000000000
17839  21.101  -66.754  -36.054  0.0000000000
17840  20.584  -66.747  -36.409  0.0000000000
17841  20.127  -67.067  -36.638  0.0000000000
17842  17.806  -66.974  -36.018  0.0000000000
17843  17.496  -66.868  -36.406  0.0000000000
17844  13.862  -66.633  -36.196  0.0000000000
17853  20.198  -66.517  -36.809  0.0000000000
17854  19.829  -66.800  -37.103  0.0000000000
17855  17.090  -66.846  -36.827  0.0000000000
17856  16.587  -66.869  -37.204  0.0000000000
17857  16.070  -66.601  -37.423  0.0000000000
17867  19.548  -66.796  -37.810  0.0000000000
17868  19.255  -67.099  -38.261  0.0000000000
17869  16.202  -67.080  -37.631  0.0000000000
17870  15.684  -66.829  -37.908  0.0000000000
17871  15.199  -66.616  -38.203  0.0000000000
17878  19.533  -66.574  -38.642  0.0000000000
17879  19.135  -67.114  -38.831  0.0000000000
17880  15.400  -67.013  -38.414  0.0000000000
17887  29.027  -66.814  -40.086  0.0000000000
17888  28.569  -66.814  -39.710  0.0000000000
17889  27.861  -66.800  -39.600  0.0000000000
17890  27.061  -66.800  -39.600  0.0000000000
17891  26.261  -66.800  -39.600  0.0000000000
17892  25.461  -66.800  -39.600  0.0000000000
17893  24.661  -66.800  -39.600  0.0000000000
17894  23.861  -66.800  -39.586  0.0000000000
17895  23.061  -66.833  -39.553  0.0000000000
17896  22.241  -66.865  -39.560  0.0000000000
17897  21.282  -66.895  -39.755  0.0000000000
17898  20.458  -66.660  -39.743  0.0000000000
17899  19.648  -66.836  -39.483  0.0000000000
17900  19.085  -67.232  -39.349  0.0000000000
17912  0.000  0.000  0.000  0.0000000000
17913  20.878  -67.327  -40.115  0.0000000000
17914  20.409  -67.097  -40.079  0.0000000000
17915  19.968  -66.976  -39.968  0.0000000000
17926  0.000  0.000  0.000  0.0000000000
17935  0.000  0.000  0.000  0.0000000000
17936  0.000  0.000  0.000  0.0000000000
17948  0.000  0.000  0.000  0.0000000000
17949  0.000  0.000  0.000  0.0000000000
17971  0.000  0.000  0.000  0.0000000000
17972  0.000  0.000  0.000  0.0000000000
17993  0.000  0.000  0.000  0.0000000000
17994  0.000  0.000  0.000  0.0000000000
19013  0.000  0.000  0.000  0.0000000000
19014  0.000  0.000  0.000  0.0000000000
19015  0.000  0.000  0.000  0.0000000000
19018  0.000  0.000  0.000  0.0000000000
19019  0.000  0.000  0.000  0.0000000000
19020  26.840  -65.996  -26.017  0.0000000000
19021  26.333  -65.778  -26.222  0.0000000000
19028  26.481  -66.222  -26.563  0.0000000000
19029  26.011  -66.000  -26.778  0.0000000000
19030  25.550  -65.778  -27.022  0.0000000000
19043  25.674  -66.267  -27.319  0.0000000000
19044  25.211  -66.000  -27.549  0.0000000000
19045  24.770  -65.719  -27.837  0.0000000000
19057  24.789  -66.252  -28.047  0.0000000000
19058  24.250  -65.875  -28.198  0.0000000000
19059  23.360  -65.973  -28.375  0.0000000000
19060  22.539  -66.000  -28.400  0.0000000000
19073  33.713  -65.606  -29.679  0.0000000000
19074  33.518  -65.527  -29.523  0.0000000000
19090  33.726  -65.704  -30.279  0.0000000000
19091  33.164  -65.749  -30.001  0.0000000000
19092  32.408  -65.719  -30.182  0.0000000000
19093  31.984  -65.570  -30.238  0.0000000000
19105  33.660  -65.689  -31.057  0.0000000000
19106  33.110  -66.112  -30.784  0.0000000000
19107  32.400  -66.166  -30.572  0.0000000000
19108  31.636  -65.939  -30.606  0.0000000000
19109  30.764  -66.016  -31.009  0.0000000000
19110  30.036  -65.716  -31.051  0.0000000000
19111  29.571  -65.557  -31.091  0.0000000000
19120  33.599  -65.634  -31.503  0.0000000000
19121  33.144  -65.953  -31.591  0.0000000000
19122  32.760  -66.304  -31.738  0.0000000000
19123  30.416  -66.348  -31.444  0.0000000000
19124  29.990  -66.186  -31.442  0.0000000000
19125  29.151  -65.891  -31.623  0.0000000000
19126  28.547  -65.667  -31.920  0.0000000000
19134  32.856  -65.654  -32.150  0.0000000000
19135  32.582  -66.073  -32.194  0.0000000000
19136  28.834  -66.371  -32.215  0.0000000000
19137  28.298  -66.003  -32.448  0.0000000000
19138  27.774  -65.669  -32.651  0.0000000000
19139  20.035  -65.597  -32.638  0.0000000000
19140  19.654  -65.688  -32.685  0.0000000000
19141  19.100  -65.733  -32.817  0.0000000000
19151  32.211  -65.987  -32.793  0.0000000000
19152  31.846  -65.992  -33.182  0.0000000000
19153  28.079  -66.225  -32.874  0.0000000000
19154  27.598  -66.031  -32.932  0.0000000000
19155  26.762  -66.033  -33.113  0.0000000000
19156  25.982  -66.000  -33.171  0.0000000000
19157  25.200  -66.000  -33.200  0.0000000000
19158  24.400  -66.000  -33.200  0.0000000000
19159  23.600  -66.000  -33.200  0.0000000000
19160  22.800  -66.000  -33.200  0.0000000000
19161  22.000  -66.000  -33.200  0.0000000000
19162  21.210  -65.986  -33.133  0.0000000000
19163  20.332  -65.968  -32.929  0.0000000000
19164  19.573  -66.190  -32.990  0.0000000000
19165  18.792  -66.012  -33.223  0.0000000000
19166  18.273  -65.714  -33.615  0.0000000000
19178  31.431  -66.005  -33.599  0.0000000000
19179  30.876  -66.129  -34.061  0.0000000000
19180  30.375  -65.786  -34.225  0.0000000000
19181  18.588  -66.229  -33.853  0.0000000000
19182  18.192  -65.837  -34.178  0.0000000000
19183  15.266  -65.686  -34.132  0.0000000000
19190  30.375  -66.281  -34.492  0.0000000000
19191  29.850  -66.033  -34.567  0.0000000000
19192  29.200  -66.000  -34.800  0.0000000000
19193  28.516  -65.971  -35.004  0.0000000000
19194  27.843  -65.771  -35.057  0.0000000000
19195  27.267  -65.689  -35.111  0.0000000000
19196  18.465  -66.311  -34.369  0.0000000000
19197  18.106  -66.090  -34.834  0.0000000000
19198  15.349  -65.763  -34.607  0.0000000000
19199  14.948  -66.165  -34.920  0.0000000000
19203  27.933  -66.311  -35.289  0.0000000000
19204  27.357  -66.229  -35.343  0.0000000000
19205  26.671  -66.029  -35.371  0.0000000000
19206  25.914  -66.038  -35.505  0.0000000000
19207  25.186  -66.000  -35.571  0.0000000000
19208  24.400  -66.000  -35.600  0.0000000000
19209  23.600  -66.000  -35.600  0.0000000000
19210  22.819  -65.981  -35.600  0.0000000000
19211  22.101  -65.981  -35.663  0.0000000000
19212  21.499  -66.038  -35.867  0.0000000000
19213  17.873  -66.171  -35.492  0.0000000000
19214  17.503  -65.856  -35.791  0.0000000000
19215  15.393  -65.798  -35.407  0.0000000000
19216  14.774  -66.183  -35.702  0.0000000000
19217  14.274  -66.334  -36.067  0.0000000000
19222  21.027  -66.024  -36.260  0.0000000000
19223  20.550  -65.901  -36.691  0.0000000000
19224  17.667  -66.370  -36.039  0.0000000000
19225  17.059  -66.086  -36.415  0.0000000000
19226  16.287  -65.833  -36.571  0.0000000000
19227  15.486  -65.794  -36.311  0.0000000000
19228  14.572  -66.096  -36.479  0.0000000000
19229  14.065  -66.303  -36.517  0.0000000000
19237  20.089  -66.019  -37.100  0.0000000000
19238  19.808  -66.084  -37.513  0.0000000000
19239  16.817  -66.430  -36.930  0.0000000000
19240  16.429  -66.262  -37.025  0.0000000000
19241  15.610  -66.197  -37.302  0.0000000000
19242  14.743  -66.080  -37.214  0.0000000000
19250  20.211  -65.756  -38.394  0.0000000000
19251  19.835  -66.004  -38.089  0.0000000000
19252  15.314  -66.402  -37.879  0.0000000000
19253  14.819  -66.306  -38.057  0.0000000000
19259  23.300  -65.733  -39.200  0.0000000000
19260  22.701  -65.733  -39.100  0.0000000000
19261  21.935  -65.739  -39.061  0.0000000000
19262  21.151  -65.759  -39.027  0.0000000000
19263  20.452  -65.839  -38.832  0.0000000000
19264  19.911  -66.072  -38.661  0.0000000000
19270  28.988  -66.033  -39.892  0.0000000000
19271  28.433  -66.000  -39.647  0.0000000000
19272  27.665  -66.000  -39.600  0.0000000000
19273  26.865  -66.000  -39.600  0.0000000000
19274  26.065  -66.000  -39.600  0.0000000000
19275  25.265  -66.000  -39.600  0.0000000000
19276  24.465  -66.000  -39.571  0.0000000000
19277  23.657  -66.029  -39.446  0.0000000000
19278  22.827  -66.223  -39.382  0.0000000000
19279  22.045  -66.261  -39.364  0.0000000000
19280  21.213  -66.229  -39.397  0.0000000000
19281  20.438  -66.238  -39.329  0.0000000000
19282  19.922  -66.288  -39.073  0.0000000000
19286  29.209  -66.033  -40.469  0.0000000000
19289  0.000  0.000  0.000  0.0000000000
19292  0.000  0.000  0.000  0.0000000000
19293  0.000  0.000  0.000  0.0000000000
19301  0.000  0.000  0.000  0.0000000000
19302  0.000  0.000  0.000  0.0000000000
19326  0.000  0.000  0.000  0.0000000000
19327  0.000  0.000  0.000  0.0000000000
19328  0.000  0.000  0.000  0.0000000000
19358  0.000  0.000  0.000  0.0000000000
19359  0.000  0.000  0.000  0.0000000000
19360  0.000  0.000  0.000  0.0000000000
20380  0.000  0.000  0.000  0.0000000000
20389  0.000  0.000  0.000  0.0000000000
20390  0.000  0.000  0.000  0.0000000000
20391  0.000  0.000  0.000  0.0000000000
20392  0.000  0.000  0.000  0.0000000000
20393  26.923  -65.167  -25.436  0.0000000000
20394  26.398  -64.933  -25.557  0.0000000000
20399  26.483  -65.422  -25.811  0.0000000000
20400  26.019  -65.170  -26.055  0.0000000000
20401  25.579  -64.933  -26.305  0.0000000000
20404  25.683  -65.422  -26.578  0.0000000000
20405  25.348  -65.167  -26.876  0.0000000000
20417  24.994  -65.162  -27.426  0.0000000000
20418  24.611  -65.149  -27.825  0.0000000000
20433  0.000  0.000  0.000  0.0000000000
20434  34.770  -64.815  -28.778  0.0000000000
20435  34.243  -64.851  -28.905  0.0000000000
20436  24.254  -65.035  -28.104  0.0000000000
20437  23.662  -65.043  -28.316  0.0000000000
20438  22.814  -65.186  -28.400  0.0000000000
20439  22.031  -65.232  -28.356  0.0000000000
20452  0.000  0.000  0.000  0.0000000000
20453  34.541  -65.108  -29.284  0.0000000000
20454  33.825  -65.131  -29.305  0.0000000000
20455  33.264  -65.197  -29.548  0.0000000000
20469  0.000  0.000  0.000  0.0000000000
20470  34.770  -64.964  -30.059  0.0000000000
20471  34.158  -65.365  -29.829  0.0000000000
20472  32.851  -65.345  -29.868  0.0000000000
20473  32.330  -65.190  -30.011  0.0000000000
20474  31.588  -65.164  -30.244  0.0000000000
20475  31.118  -64.816  -30.232  0.0000000000
20487  34.549  -64.834  -30.644  0.0000000000
20488  34.183  -65.149  -30.747  0.0000000000
20489  31.216  -65.584  -30.608  0.0000000000
20490  30.744  -65.204  -30.581  0.0000000000
20491  29.956  -65.192  -30.785  0.0000000000
20492  29.211  -65.182  -31.063  0.0000000000
20493  28.821  -64.839  -31.054  0.0000000000
20504  33.761  -65.128  -31.622  0.0000000000
20505  33.484  -65.520  -31.724  0.0000000000
20506  28.952  -65.433  -31.398  0.0000000000
20507  28.528  -65.154  -31.541  0.0000000000
20508  28.031  -64.816  -31.745  0.0000000000
20521  33.540  -64.796  -32.112  0.0000000000
20522  33.145  -65.174  -32.116  0.0000000000
20523  32.356  -65.295  -32.522  0.0000000000
20524  31.888  -65.095  -32.814  0.0000000000
20525  28.272  -65.520  -32.048  0.0000000000
20526  27.804  -65.172  -32.223  0.0000000000
20527  27.070  -64.971  -32.554  0.0000000000
20528  26.560  -64.889  -32.716  0.0000000000
20529  20.246  -65.302  -32.710  0.0000000000
20530  19.796  -65.155  -32.551  0.0000000000
20531  19.092  -65.138  -32.552  0.0000000000
20532  18.411  -64.950  -32.633  0.0000000000
20543  32.025  -65.499  -32.934  0.0000000000
20544  31.553  -65.261  -33.185  0.0000000000
20545  30.970  -65.017  -33.380  0.0000000000
20546  30.422  -64.889  -33.526  0.0000000000
20547  27.395  -65.458  -32.730  0.0000000000
20548  26.879  -65.429  -32.898  0.0000000000
20549  26.191  -65.195  -32.980  0.0000000000
20550  25.476  -65.200  -33.139  0.0000000000
20551  24.727  -65.200  -33.200  0.0000000000
20552  23.927  -65.200  -33.200  0.0000000000
20553  23.127  -65.200  -33.200  0.0000000000
20554  22.327  -65.200  -33.200  0.0000000000
20555  21.537  -65.186  -33.171  0.0000000000
20556  20.758  -65.100  -32.996  0.0000000000
20557  18.633  -65.409  -32.848  0.0000000000
20558  18.015  -65.137  -33.145  0.0000000000
20559  17.488  -64.943  -33.653  0.0000000000
20560  16.070  -64.828  -33.275  0.0000000000
20573  31.144  -65.526  -33.661  0.0000000000
20574  30.654  -65.403  -33.835  0.0000000000
20575  29.997  -65.202  -34.023  0.0000000000
20576  29.518  -64.987  -34.219  0.0000000000
20577  17.848  -65.341  -33.874  0.0000000000
20578  17.378  -65.016  -34.222  0.0000000000
20579  16.140  -64.929  -33.749  0.0000000000
20580  15.600  -65.358  -34.079  0.0000000000
20581  15.198  -65.617  -33.903  0.0000000000
20588  29.567  -65.467  -34.467  0.0000000000
20589  29.051  -65.240  -34.589  0.0000000000
20590  28.374  -65.213  -34.784  0.0000000000
20591  27.659  -65.129  -34.874  0.0000000000
20592  26.893  -65.167  -35.033  0.0000000000
20593  26.332  -64.933  -35.111  0.0000000000
20594  17.751  -65.449  -34.551  0.0000000000
20595  17.175  -65.094  -34.785  0.0000000000
20596  16.459  -65.077  -34.693  0.0000000000
20597  15.829  -65.429  -35.029  0.0000000000
20601  26.383  -65.467  -35.300  0.0000000000
20602  25.825  -65.240  -35.388  0.0000000000
20603  25.127  -65.246  -35.523  0.0000000000
20604  24.355  -65.200  -35.575  0.0000000000
20605  23.535  -65.200  -35.600  0.0000000000
20606  22.742  -65.200  -35.652  0.0000000000
20607  22.017  -65.230  -35.822  0.0000000000
20608  21.427  -65.454  -36.053  0.0000000000
20609  17.631  -65.603  -35.226  0.0000000000
20610  17.035  -65.421  -35.569  0.0000000000
20611  16.361  -65.339  -35.582  0.0000000000
20612  15.846  -65.488  -35.789  0.0000000000
20617  21.692  -64.926  -36.182  0.0000000000
20618  21.073  -65.249  -36.629  0.0000000000
20619  20.660  -65.469  -36.743  0.0000000000
20620  16.665  -65.544  -36.102  0.0000000000
20621  16.131  -65.494  -36.126  0.0000000000
20622  15.830  -65.504  -36.130  0.0000000000
20626  20.959  -65.021  -37.475  0.0000000000
20627  20.428  -65.471  -37.149  0.0000000000
20628  19.992  -65.673  -37.340  0.0000000000
20632  20.999  -65.079  -38.168  0.0000000000
20633  20.401  -65.423  -37.896  0.0000000000
20634  20.017  -65.627  -37.602  0.0000000000
20637  24.041  -64.878  -39.118  0.0000000000
20638  23.304  -65.129  -38.951  0.0000000000
20639  22.478  -65.167  -38.809  0.0000000000
20640  21.728  -65.241  -38.778  0.0000000000
20641  21.080  -65.332  -38.654  0.0000000000
20642  20.610  -65.448  -38.419  0.0000000000
20644  29.632  -64.889  -40.064  0.0000000000
20645  29.102  -65.195  -39.743  0.0000000000
20646  28.342  -65.233  -39.544  0.0000000000
20647  27.535  -65.265  -39.535  0.0000000000
20648  26.735  -65.265  -39.535  0.0000000000
20649  25.935  -65.265  -39.535  0.0000000000
20650  25.135  -65.265  -39.520  0.0000000000
20651  24.382  -65.259  -39.399  0.0000000000
20652  23.776  -65.410  -39.240  0.0000000000
20655  29.700  -64.875  -40.605  0.0000000000
20656  29.383  -65.390  -40.263  0.0000000000
20664  0.000  0.000  0.000  0.0000000000
20665  0.000  0.000  0.000  0.0000000000
20673  0.000  0.000  0.000  0.0000000000
20686  0.000  0.000  0.000  0.0000000000
20687  0.000  0.000  0.000  0.0000000000
20701  0.000  0.000  0.000  0.0000000000
20702  0.000  0.000  0.000  0.0000000000
20703  0.000  0.000  0.000  0.0000000000
20720  0.000  0.000  0.000  0.0000000000
20721  0.000  0.000  0.000  0.0000000000
20722  0.000  0.000  0.000  0.0000000000
21734  0.000  0.000  0.000  0.0000000000
21735  0.000  0.000  0.000  0.0000000000
21736  0.000  0.000  0.000  0.0000000000
21737  0.000  0.000  0.000  0.0000000000
21738  27.698  -64.046  -24.737  0.0000000000
21744  0.000  0.000  0.000  0.0000000000
21745  0.000  0.000  0.000  0.0000000000
21746  0.000  0.000  0.000  0.0000000000
21747  27.461  -64.394  -24.994  0.0000000000
21748  26.677  -64.362  -25.278  0.0000000000
21749  26.139  -64.362  -25.581  0.0000000000
21753  25.731  -64.362  -25.973  0.0000000000
21754  25.402  -64.362  -26.430  0.0000000000
21757  25.133  -64.400  -26.980  0.0000000000
21763  0.000  0.000  0.000  0.0000000000
21764  0.000  0.000  0.000  0.0000000000
21765  0.000  0.000  0.000  0.0000000000
21766  0.000  0.000  0.000  0.0000000000
21767  24.854  -64.433  -27.520  0.0000000000
21768  24.526  -64.550  -27.881  0.0000000000
21783  0.000  0.000  0.000  0.0000000000
21784  0.000  0.000  0.000  0.0000000000
21785  0.000  0.000  0.000  0.0000000000
21786  0.000  0.000  0.000  0.0000000000
21787  34.312  -64.329  -28.660  0.0000000000
21788  24.182  -64.381  -28.135  0.0000000000
21789  23.734  -64.228  -28.324  0.0000000000
21790  23.127  -64.367  -28.400  0.0000000000
21791  22.319  -64.413  -28.375  0.0000000000
21803  0.000  0.000  0.000  0.0000000000
21804  0.000  0.000  0.000  0.0000000000
21805  33.800  -64.362  -28.994  0.0000000000
21806  33.208  -64.410  -29.346  0.0000000000
21807  32.610  -64.190  -29.560  0.0000000000
21817  0.000  0.000  0.000  0.0000000000
21818  0.000  0.000  0.000  0.0000000000
21819  32.796  -64.773  -29.695  0.0000000000
21820  32.116  -64.443  -29.853  0.0000000000
21821  31.389  -64.354  -30.047  0.0000000000
21822  30.706  -64.365  -30.207  0.0000000000
21823  30.016  -64.171  -30.293  0.0000000000
21824  29.478  -64.125  -30.417  0.0000000000
21835  0.000  0.000  0.000  0.0000000000
21836  0.000  0.000  0.000  0.0000000000
21837  34.447  -64.613  -30.971  0.0000000000
21838  30.279  -64.711  -30.478  0.0000000000
21839  29.703  -64.645  -30.612  0.0000000000
21840  29.125  -64.494  -30.745  0.0000000000
21841  28.672  -64.385  -31.015  0.0000000000
21842  16.172  -64.048  -31.010  0.0000000000
21852  0.000  0.000  0.000  0.0000000000
21853  34.152  -64.387  -31.452  0.0000000000
21854  28.250  -64.340  -31.421  0.0000000000
21855  27.838  -64.340  -31.816  0.0000000000
21856  18.649  -64.024  -31.934  0.0000000000
21857  18.188  -64.102  -31.925  0.0000000000
21858  17.431  -64.146  -31.846  0.0000000000
21859  16.469  -64.133  -31.492  0.0000000000
21869  33.702  -64.272  -32.027  0.0000000000
21870  33.138  -64.340  -32.271  0.0000000000
21871  32.389  -64.424  -32.422  0.0000000000
21872  31.510  -64.481  -32.730  0.0000000000
21873  30.908  -64.096  -32.768  0.0000000000
21874  27.394  -64.367  -32.214  0.0000000000
21875  26.808  -64.329  -32.454  0.0000000000
21876  26.242  -64.362  -32.676  0.0000000000
21877  20.266  -64.533  -32.692  0.0000000000
21878  19.575  -64.431  -32.430  0.0000000000
21879  18.773  -64.371  -32.257  0.0000000000
21880  17.850  -64.550  -32.528  0.0000000000
21881  16.952  -64.412  -32.434  0.0000000000
21882  16.193  -64.507  -32.350  0.0000000000
21883  15.681  -64.769  -32.406  0.0000000000
21893  31.228  -64.754  -33.066  0.0000000000
21894  30.717  -64.389  -33.076  0.0000000000
21895  29.846  -64.370  -33.538  0.0000000000
21896  29.342  -64.016  -33.652  0.0000000000
21897  25.747  -64.446  -32.958  0.0000000000
21898  25.174  -64.446  -33.119  0.0000000000
21899  24.420  -64.400  -33.175  0.0000000000
21900  23.600  -64.400  -33.200  0.0000000000
21901  22.800  -64.400  -33.200  0.0000000000
21902  22.000  -64.400  -33.200  0.0000000000
21903  21.265  -64.383  -33.136  0.0000000000
21904  20.753  -64.308  -32.975  0.0000000000
21905  17.728  -64.719  -32.952  0.0000000000
21906  17.272  -64.674  -33.223  0.0000000000
21907  16.476  -64.641  -33.158  0.0000000000
21908  16.011  -64.719  -32.901  0.0000000000
21921  29.646  -64.731  -33.929  0.0000000000
21922  29.066  -64.376  -34.118  0.0000000000
21923  28.510  -64.080  -34.335  0.0000000000
21924  17.089  -64.732  -34.006  0.0000000000
21925  16.680  -64.728  -33.917  0.0000000000
21932  28.764  -64.784  -34.547  0.0000000000
21933  28.252  -64.436  -34.563  0.0000000000
21934  27.366  -64.400  -34.765  0.0000000000
21935  26.617  -64.362  -34.905  0.0000000000
21936  25.846  -64.370  -35.114  0.0000000000
21937  25.384  -64.016  -35.156  0.0000000000
21938  17.088  -64.797  -34.428  0.0000000000
21939  16.840  -64.778  -34.437  0.0000000000
21944  25.543  -64.784  -35.386  0.0000000000
21945  25.051  -64.400  -35.412  0.0000000000
21946  24.155  -64.400  -35.589  0.0000000000
21947  23.366  -64.438  -35.690  0.0000000000
21948  22.614  -64.421  -35.954  0.0000000000
21949  22.088  -64.699  -36.005  0.0000000000
21955  22.478  -64.053  -36.313  0.0000000000
21956  22.038  -64.370  -36.539  0.0000000000
21957  21.543  -64.739  -36.551  0.0000000000
21962  21.908  -64.256  -37.198  0.0000000000
21963  21.537  -64.613  -37.155  0.0000000000
21967  22.493  -64.031  -38.089  0.0000000000
21968  22.063  -64.291  -37.846  0.0000000000
21969  21.477  -64.689  -37.968  0.0000000000
21981  28.862  -63.970  -39.038  0.0000000000
21982  28.362  -64.093  -39.046  0.0000000000
21983  27.600  -64.139  -39.061  0.0000000000
21984  26.800  -64.139  -39.061  0.0000000000
21985  25.979  -64.127  -39.027  0.0000000000
21986  25.146  -64.178  -38.990  0.0000000000
21987  24.349  -64.342  -38.971  0.0000000000
21988  23.568  -64.415  -38.798  0.0000000000
21989  22.760  -64.398  -38.480  0.0000000000
21990  22.005  -64.726  -38.450  0.0000000000
21991  21.454  -64.924  -38.470  0.0000000000
22006  29.565  -64.408  -39.696  0.0000000000
22007  28.959  -64.400  -39.357  0.0000000000
22008  28.081  -64.629  -39.333  0.0000000000
22009  27.273  -64.661  -39.339  0.0000000000
22010  26.473  -64.661  -39.339  0.0000000000
22011  25.673  -64.661  -39.339  0.0000000000
22012  24.929  -64.693  -39.307  0.0000000000
22013  24.478  -64.741  -39.259  0.0000000000
22029  29.842  -64.302  -40.234  0.0000000000
22048  0.000  0.000  0.000  0.0000000000
22049  0.000  0.000  0.000  0.0000000000
22072  0.000  0.000  0.000  0.0000000000
22073  0.000  0.000  0.000  0.0000000000
22099  0.000  0.000  0.000  0.0000000000
22121  0.000  0.000  0.000  0.0000000000
22122  0.000  0.000  0.000  0.0000000000
22123  0.000  0.000  0.000  0.0000000000
22124  0.000  0.000  0.000  0.0000000000
22147  0.000  0.000  0.000  0.0000000000
22148  0.000  0.000  0.000  0.0000000000
22149  0.000  0.000  0.000  0.0000000000
22150  0.000  0.000  0.000  0.0000000000
23251  0.000  0.000  0.000  0.0000000000
23252  0.000  0.000  0.000  0.0000000000
23253  0.000  0.000  0.000  0.0000000000
23254  0.000  0.000  0.000  0.0000000000
23255  27.754  -63.667  -24.590  0.0000000000
23256  27.313  -63.369  -24.668  0.0000000000
23259  27.403  -63.832  -24.787  0.0000000000
23260  26.932  -63.600  -24.950  0.0000000000
23261  26.373  -63.600  -25.302  0.0000000000
23264  0.000  0.000  0.000  0.0000000000
23265  0.000  0.000  0.000  0.0000000000
23266  0.000  0.000  0.000  0.0000000000
23267  25.924  -63.586  -25.678  0.0000000000
23268  25.516  -63.586  -26.102  0.0000000000
23271  0.000  0.000  0.000  0.0000000000
23272  0.000  0.000  0.000  0.0000000000
23273  0.000  0.000  0.000  0.0000000000
23274  0.000  0.000  0.000  0.0000000000
23275  25.265  -63.600  -26.669  0.0000000000
23279  0.000  0.000  0.000  0.0000000000
23280  0.000  0.000  0.000  0.0000000000
23281  0.000  0.000  0.000  0.0000000000
23282  0.000  0.000  0.000  0.0000000000
23283  0.000  0.000  0.000  0.0000000000
23284  25.014  -63.614  -27.237  0.0000000000
23285  24.611  -63.729  -27.773  0.0000000000
23300  0.000  0.000  0.000  0.0000000000
23301  0.000  0.000  0.000  0.0000000000
23302  0.000  0.000  0.000  0.0000000000
23303  34.372  -63.600  -28.473  0.0000000000
23304  24.135  -63.595  -28.167  0.0000000000
23305  23.545  -63.581  -28.389  0.0000000000
23306  22.807  -63.633  -28.471  0.0000000000
23307  21.993  -63.678  -28.440  0.0000000000
23308  21.193  -63.645  -28.407  0.0000000000
23309  20.432  -63.549  -28.349  0.0000000000
23323  0.000  0.000  0.000  0.0000000000
23324  0.000  0.000  0.000  0.0000000000
23325  0.000  0.000  0.000  0.0000000000
23326  33.918  -63.600  -28.857  0.0000000000
23327  33.359  -63.600  -29.131  0.0000000000
23328  32.646  -63.567  -29.358  0.0000000000
23329  32.004  -63.333  -29.472  0.0000000000
23339  0.000  0.000  0.000  0.0000000000
23340  0.000  0.000  0.000  0.0000000000
23341  32.217  -63.822  -29.611  0.0000000000
23342  31.642  -63.640  -29.759  0.0000000000
23343  31.016  -63.678  -29.944  0.0000000000
23344  30.329  -63.614  -30.016  0.0000000000
23345  29.667  -63.558  -30.182  0.0000000000
23358  0.000  0.000  0.000  0.0000000000
23359  0.000  0.000  0.000  0.0000000000
23360  29.094  -63.693  -30.570  0.0000000000
23361  28.571  -63.600  -30.986  0.0000000000
23362  17.714  -63.401  -31.190  0.0000000000
23363  17.165  -63.422  -30.996  0.0000000000
23364  16.361  -63.673  -30.739  0.0000000000
23365  15.909  -63.865  -30.587  0.0000000000
23377  0.000  0.000  0.000  0.0000000000
23378  33.833  -63.576  -31.845  0.0000000000
23379  33.420  -63.216  -31.956  0.0000000000
23380  28.089  -63.507  -31.420  0.0000000000
23381  27.613  -63.624  -31.877  0.0000000000
23382  19.250  -63.332  -31.852  0.0000000000
23383  18.593  -63.615  -31.698  0.0000000000
23384  17.906  -63.717  -31.535  0.0000000000
23385  17.235  -63.763  -31.388  0.0000000000
23386  16.785  -63.759  -31.200  0.0000000000
23397  33.678  -63.825  -32.097  0.0000000000
23398  33.265  -63.576  -32.174  0.0000000000
23399  32.478  -63.600  -32.375  0.0000000000
23400  31.641  -63.611  -32.460  0.0000000000
23401  30.783  -63.573  -32.653  0.0000000000
23402  30.238  -63.216  -32.738  0.0000000000
23403  27.135  -63.638  -32.200  0.0000000000
23404  26.544  -63.600  -32.426  0.0000000000
23405  25.797  -63.600  -32.705  0.0000000000
23406  25.325  -63.269  -32.742  0.0000000000
23407  20.850  -63.332  -32.652  0.0000000000
23408  20.160  -63.696  -32.467  0.0000000000
23409  19.455  -63.777  -32.212  0.0000000000
23410  18.960  -63.820  -32.012  0.0000000000
23418  30.622  -63.920  -32.844  0.0000000000
23419  30.105  -63.589  -33.042  0.0000000000
23420  29.449  -63.540  -33.483  0.0000000000
23421  25.517  -63.984  -32.980  0.0000000000
23422  25.009  -63.655  -32.980  0.0000000000
23423  24.093  -63.620  -33.117  0.0000000000
23424  23.273  -63.587  -33.137  0.0000000000
23425  22.473  -63.633  -33.129  0.0000000000
23426  21.728  -63.706  -33.113  0.0000000000
23427  21.102  -63.758  -33.004  0.0000000000
23428  20.613  -63.867  -32.816  0.0000000000
23439  28.939  -63.554  -33.820  0.0000000000
23440  28.332  -63.589  -34.206  0.0000000000
23441  27.922  -63.375  -34.303  0.0000000000
23446  28.240  -63.920  -34.427  0.0000000000
23447  27.766  -63.624  -34.511  0.0000000000
23448  26.972  -63.600  -34.746  0.0000000000
23449  26.227  -63.600  -34.893  0.0000000000
23450  25.603  -63.600  -35.049  0.0000000000
23454  25.174  -63.600  -35.301  0.0000000000
23455  24.585  -63.633  -35.583  0.0000000000
23456  23.805  -63.669  -35.764  0.0000000000
23457  23.203  -63.867  -35.891  0.0000000000
23466  23.416  -63.416  -36.033  0.0000000000
23467  22.885  -63.624  -36.338  0.0000000000
23468  22.423  -63.856  -36.662  0.0000000000
23475  22.702  -63.489  -37.024  0.0000000000
23476  22.275  -63.922  -37.296  0.0000000000
23482  25.005  -63.317  -38.269  0.0000000000
23483  24.664  -63.357  -38.236  0.0000000000
23484  23.903  -63.427  -38.163  0.0000000000
23485  22.961  -63.612  -37.908  0.0000000000
23486  22.373  -63.931  -37.842  0.0000000000
23500  29.750  -63.417  -39.094  0.0000000000
23501  29.361  -63.633  -39.054  0.0000000000
23502  28.674  -63.587  -38.828  0.0000000000
23503  27.927  -63.600  -38.800  0.0000000000
23504  27.127  -63.600  -38.800  0.0000000000
23505  26.305  -63.589  -38.766  0.0000000000
23506  25.337  -63.503  -38.556  0.0000000000
23507  24.477  -63.770  -38.598  0.0000000000
23508  23.688  -63.883  -38.544  0.0000000000
23509  23.197  -64.016  -38.509  0.0000000000
23523  29.831  -63.654  -39.545  0.0000000000
23524  29.480  -63.984  -39.413  0.0000000000
23535  30.033  -63.470  -40.462  0.0000000000
23548  0.000  0.000  0.000  0.0000000000
23568  0.000  0.000  0.000  0.0000000000
23569  0.000  0.000  0.000  0.0000000000
23591  0.000  0.000  0.000  0.0000000000
23592  0.000  0.000  0.000  0.0000000000
23593  0.000  0.000  0.000  0.0000000000
23611  0.000  0.000  0.000  0.0000000000
23612  0.000  0.000  0.000  0.0000000000
23613  0.000  0.000  0.000  0.0000000000
23614  0.000  0.000  0.000  0.0000000000
23639  0.000  0.000  0.000  0.0000000000
23640  0.000  0.000  0.000  0.0000000000
23641  0.000  0.000  0.000  0.0000000000
24844  0.000  0.000  0.000  0.0000000000
24855  0.000  0.000  0.000  0.0000000000
24856  0.000  0.000  0.000  0.0000000000
24857  0.000  0.000  0.000  0.0000000000
24858  0.000  0.000  0.000  0.0000000000
24859  27.834  -62.893  -24.489  0.0000000000
24860  27.152  -62.814  -24.710  0.0000000000
24870  26.705  -62.838  -25.049  0.0000000000
24871  26.256  -62.824  -25.424  0.0000000000
24880  0.000  0.000  0.000  0.0000000000
24881  0.000  0.000  0.000  0.0000000000
24882  25.830  -62.742  -25.901  0.0000000000
24883  25.422  -62.824  -26.403  0.0000000000
24892  0.000  0.000  0.000  0.0000000000
24893  0.000  0.000  0.000  0.0000000000
24894  25.165  -62.800  -26.969  0.0000000000
24898  0.000  0.000  0.000  0.0000000000
24899  0.000  0.000  0.000  0.0000000000
24900  0.000  0.000  0.000  0.0000000000
24901  0.000  0.000  0.000  0.0000000000
24902  24.894  -62.852  -27.540  0.0000000000
24903  24.486  -62.881  -27.993  0.0000000000
24913  0.000  0.000  0.000  0.0000000000
24914  0.000  0.000  0.000  0.0000000000
24915  34.445  -62.786  -28.306  0.0000000000
24916  34.027  -62.838  -28.684  0.0000000000
24917  23.998  -62.874  -28.347  0.0000000000
24918  23.339  -62.820  -28.674  0.0000000000
24919  22.481  -63.029  -28.667  0.0000000000
24920  21.673  -63.061  -28.661  0.0000000000
24921  20.926  -63.026  -28.641  0.0000000000
24922  20.152  -62.782  -28.619  0.0000000000
24923  19.334  -62.833  -28.448  0.0000000000
24924  18.552  -62.775  -28.671  0.0000000000
24939  0.000  0.000  0.000  0.0000000000
24940  0.000  0.000  0.000  0.0000000000
24941  33.570  -62.838  -28.998  0.0000000000
24942  32.918  -62.800  -29.184  0.0000000000
24943  32.166  -62.762  -29.290  0.0000000000
24944  31.372  -62.806  -29.486  0.0000000000
24945  30.524  -62.540  -29.509  0.0000000000
24946  30.075  -62.470  -29.572  0.0000000000
24947  23.180  -62.452  -29.044  0.0000000000
24948  22.696  -62.558  -29.019  0.0000000000
24949  21.935  -62.604  -29.004  0.0000000000
24950  21.180  -62.619  -28.958  0.0000000000
24951  20.703  -62.644  -28.852  0.0000000000
24952  18.444  -62.480  -29.093  0.0000000000
24953  18.023  -62.632  -29.309  0.0000000000
24969  0.000  0.000  0.000  0.0000000000
24970  0.000  0.000  0.000  0.0000000000
24971  31.246  -63.230  -29.776  0.0000000000
24972  30.762  -63.089  -29.758  0.0000000000
24973  30.058  -62.922  -29.825  0.0000000000
24974  29.400  -62.886  -30.146  0.0000000000
24975  18.474  -62.594  -30.368  0.0000000000
24976  18.156  -62.590  -29.990  0.0000000000
24977  17.494  -62.814  -29.969  0.0000000000
24978  16.819  -62.999  -29.907  0.0000000000
24992  0.000  0.000  0.000  0.0000000000
24993  0.000  0.000  0.000  0.0000000000
24994  0.000  0.000  0.000  0.0000000000
24995  28.934  -62.860  -30.577  0.0000000000
24996  28.434  -62.814  -30.951  0.0000000000
24997  28.000  -62.516  -31.091  0.0000000000
24998  19.413  -62.514  -31.032  0.0000000000
24999  18.983  -62.568  -30.780  0.0000000000
25000  17.997  -62.947  -30.734  0.0000000000
25001  17.033  -63.124  -30.514  0.0000000000
25002  16.560  -63.207  -30.350  0.0000000000
25015  0.000  0.000  0.000  0.0000000000
25016  0.000  0.000  0.000  0.0000000000
25017  0.000  0.000  0.000  0.0000000000
25018  33.638  -62.754  -31.798  0.0000000000
25019  28.074  -62.919  -31.252  0.0000000000
25020  27.647  -62.813  -31.508  0.0000000000
25021  27.215  -62.601  -31.770  0.0000000000
25022  21.045  -62.516  -31.909  0.0000000000
25023  20.665  -62.568  -31.815  0.0000000000
25024  19.720  -62.684  -31.475  0.0000000000
25025  18.796  -63.033  -31.342  0.0000000000
25026  18.214  -63.306  -31.302  0.0000000000
25040  33.187  -62.754  -32.045  0.0000000000
25041  32.658  -62.800  -32.293  0.0000000000
25042  31.927  -62.800  -32.400  0.0000000000
25043  31.130  -62.800  -32.456  0.0000000000
25044  30.456  -62.792  -32.624  0.0000000000
25045  27.349  -63.067  -31.968  0.0000000000
25046  26.847  -62.844  -32.111  0.0000000000
25047  26.156  -62.871  -32.353  0.0000000000
25048  25.389  -62.822  -32.507  0.0000000000
25049  24.644  -62.637  -32.559  0.0000000000
25050  24.050  -62.546  -32.643  0.0000000000
25051  22.587  -62.553  -32.660  0.0000000000
25052  22.199  -62.589  -32.587  0.0000000000
25053  21.300  -62.689  -32.314  0.0000000000
25054  20.414  -62.995  -32.176  0.0000000000
25055  19.814  -63.242  -32.093  0.0000000000
25066  30.035  -62.778  -32.931  0.0000000000
25067  29.587  -62.707  -33.375  0.0000000000
25068  24.972  -63.058  -32.774  0.0000000000
25069  24.406  -63.016  -32.902  0.0000000000
25070  23.583  -62.773  -32.924  0.0000000000
25071  22.779  -62.830  -32.897  0.0000000000
25072  22.016  -63.065  -32.885  0.0000000000
25073  21.409  -63.242  -32.877  0.0000000000
25085  29.024  -62.786  -33.753  0.0000000000
25086  28.436  -62.852  -34.055  0.0000000000
25087  27.881  -62.921  -34.345  0.0000000000
25091  27.305  -62.814  -34.660  0.0000000000
25092  26.615  -62.838  -34.874  0.0000000000
25093  25.869  -62.830  -35.155  0.0000000000
25094  25.388  -63.184  -35.206  0.0000000000
25100  25.664  -62.469  -35.511  0.0000000000
25101  25.078  -62.818  -35.726  0.0000000000
25102  24.200  -63.107  -35.944  0.0000000000
25103  23.715  -63.212  -35.970  0.0000000000
25112  24.845  -62.484  -36.272  0.0000000000
25113  24.382  -62.673  -36.507  0.0000000000
25114  23.517  -63.070  -36.452  0.0000000000
25115  22.992  -63.220  -36.721  0.0000000000
25123  24.893  -62.564  -37.474  0.0000000000
25124  24.269  -62.709  -37.278  0.0000000000
25125  23.649  -62.872  -37.151  0.0000000000
25126  23.094  -63.113  -37.167  0.0000000000
25136  0.000  0.000  0.000  0.0000000000
25137  0.000  0.000  0.000  0.0000000000
25138  30.539  -62.577  -38.261  0.0000000000
25139  29.739  -62.610  -38.229  0.0000000000
25140  28.939  -62.604  -38.196  0.0000000000
25141  28.139  -62.604  -38.196  0.0000000000
25142  27.339  -62.604  -38.196  0.0000000000
25143  26.539  -62.604  -38.196  0.0000000000
25144  25.821  -62.669  -38.147  0.0000000000
25145  25.123  -62.959  -38.084  0.0000000000
25146  24.387  -62.989  -37.849  0.0000000000
25147  23.672  -63.058  -37.709  0.0000000000
25148  23.243  -63.070  -37.570  0.0000000000
25161  0.000  0.000  0.000  0.0000000000
25162  0.000  0.000  0.000  0.0000000000
25163  30.806  -62.759  -38.865  0.0000000000
25164  29.960  -63.071  -38.878  0.0000000000
25165  29.193  -63.067  -38.610  0.0000000000
25166  28.400  -63.061  -38.539  0.0000000000
25167  27.600  -63.061  -38.539  0.0000000000
25168  26.800  -63.061  -38.539  0.0000000000
25169  26.024  -63.040  -38.491  0.0000000000
25170  25.537  -63.012  -38.386  0.0000000000
25181  0.000  0.000  0.000  0.0000000000
25182  0.000  0.000  0.000  0.0000000000
25183  30.336  -62.973  -39.651  0.0000000000
25194  0.000  0.000  0.000  0.0000000000
25195  0.000  0.000  0.000  0.0000000000
25210  0.000  0.000  0.000  0.0000000000
25226  0.000  0.000  0.000  0.0000000000
25240  0.000  0.000  0.000  0.0000000000
25241  0.000  0.000  0.000  0.0000000000
25242  0.000  0.000  0.000  0.0000000000
25243  0.000  0.000  0.000  0.0000000000
25260  0.000  0.000  0.000  0.0000000000
25261  0.000  0.000  0.000  0.0000000000
25262  0.000  0.000  0.000  0.0000000000
25263  0.000  0.000  0.000  0.0000000000
25264  0.000  0.000  0.000  0.0000000000
26565  0.000  0.000  0.000  0.0000000000
26566  0.000  0.000  0.000  0.0000000000
26578  0.000  0.000  0.000  0.0000000000
26579  0.000  0.000  0.000  0.0000000000
26580  0.000  0.000  0.000  0.0000000000
26581  28.389  -62.047  -24.485  0.0000000000
26582  27.632  -62.081  -24.610  0.0000000000
26583  27.067  -62.267  -24.817  0.0000000000
26594  27.347  -61.800  -24.870  0.0000000000
26595  26.809  -62.044  -25.236  0.0000000000
26596  26.271  -62.233  -25.605  0.0000000000
26605  0.000  0.000  0.000  0.0000000000
26606  0.000  0.000  0.000  0.0000000000
26607  26.591  -61.770  -25.624  0.0000000000
26608  26.131  -61.875  -25.965  0.0000000000
26609  25.641  -62.233  -26.252  0.0000000000
26619  0.000  0.000  0.000  0.0000000000
26620  0.000  0.000  0.000  0.0000000000
26621  25.810  -61.717  -26.383  0.0000000000
26622  25.452  -62.033  -26.755  0.0000000000
26634  0.000  0.000  0.000  0.0000000000
26635  0.000  0.000  0.000  0.0000000000
26636  25.148  -62.062  -27.489  0.0000000000
26637  24.751  -62.300  -27.916  0.0000000000
26652  0.000  0.000  0.000  0.0000000000
26653  0.000  0.000  0.000  0.0000000000
26654  33.946  -61.987  -28.504  0.0000000000
26655  33.422  -61.778  -28.750  0.0000000000
26656  24.957  -61.763  -28.440  0.0000000000
26657  24.316  -62.265  -28.482  0.0000000000
26658  23.860  -62.460  -28.605  0.0000000000
26659  19.980  -62.273  -28.865  0.0000000000
26660  19.542  -62.342  -28.742  0.0000000000
26661  19.103  -62.465  -28.673  0.0000000000
26676  0.000  0.000  0.000  0.0000000000
26677  0.000  0.000  0.000  0.0000000000
26678  33.695  -62.267  -28.838  0.0000000000
26679  33.095  -62.062  -28.995  0.0000000000
26680  32.335  -62.065  -29.120  0.0000000000
26681  31.542  -62.065  -29.173  0.0000000000
26682  30.729  -62.033  -29.231  0.0000000000
26683  29.874  -61.996  -29.436  0.0000000000
26684  29.306  -61.709  -29.534  0.0000000000
26685  24.863  -61.620  -29.079  0.0000000000
26686  24.321  -61.770  -29.258  0.0000000000
26687  23.569  -62.175  -29.115  0.0000000000
26688  22.754  -62.183  -29.406  0.0000000000
26689  22.000  -62.236  -29.474  0.0000000000
26690  21.200  -62.267  -29.429  0.0000000000
26691  20.380  -62.286  -29.220  0.0000000000
26692  19.554  -62.157  -29.266  0.0000000000
26693  18.845  -62.318  -29.130  0.0000000000
26694  18.373  -62.373  -29.280  0.0000000000
26708  0.000  0.000  0.000  0.0000000000
26709  0.000  0.000  0.000  0.0000000000
26710  29.727  -62.430  -29.789  0.0000000000
26711  29.056  -62.050  -30.053  0.0000000000
26712  28.506  -61.709  -30.263  0.0000000000
26713  23.996  -61.620  -29.826  0.0000000000
26714  23.554  -61.726  -29.749  0.0000000000
26715  22.846  -61.817  -29.794  0.0000000000
26716  22.061  -61.889  -30.117  0.0000000000
26717  21.200  -62.040  -30.078  0.0000000000
26718  20.400  -62.109  -30.033  0.0000000000
26719  19.646  -62.137  -29.954  0.0000000000
26720  18.862  -62.291  -29.946  0.0000000000
26721  18.383  -62.371  -29.560  0.0000000000
26734  0.000  0.000  0.000  0.0000000000
26735  0.000  0.000  0.000  0.0000000000
26736  28.758  -62.384  -30.581  0.0000000000
26737  28.282  -62.025  -30.640  0.0000000000
26738  27.429  -62.025  -31.089  0.0000000000
26739  26.903  -61.749  -31.184  0.0000000000
26740  22.456  -61.716  -31.073  0.0000000000
26741  21.905  -61.889  -30.944  0.0000000000
26742  21.195  -62.025  -30.808  0.0000000000
26743  20.446  -62.094  -30.722  0.0000000000
26744  19.677  -62.264  -30.743  0.0000000000
26745  19.220  -62.245  -30.416  0.0000000000
26758  0.000  0.000  0.000  0.0000000000
26759  0.000  0.000  0.000  0.0000000000
26760  0.000  0.000  0.000  0.0000000000
26761  0.000  0.000  0.000  0.0000000000
26762  33.451  -62.078  -31.874  0.0000000000
26763  27.296  -62.348  -31.497  0.0000000000
26764  26.868  -62.118  -31.621  0.0000000000
26765  26.179  -61.879  -31.752  0.0000000000
26766  25.461  -61.804  -31.796  0.0000000000
26767  24.661  -61.804  -31.796  0.0000000000
26768  23.872  -61.795  -31.796  0.0000000000
26769  23.031  -61.763  -31.603  0.0000000000
26770  22.180  -62.009  -31.645  0.0000000000
26771  21.307  -62.261  -31.669  0.0000000000
26772  20.500  -62.265  -31.327  0.0000000000
26773  19.999  -62.262  -31.156  0.0000000000
26786  32.998  -62.046  -32.143  0.0000000000
26787  32.395  -62.000  -32.380  0.0000000000
26788  31.607  -62.033  -32.485  0.0000000000
26789  30.863  -62.069  -32.595  0.0000000000
26790  30.305  -62.267  -32.779  0.0000000000
26791  26.403  -62.326  -32.056  0.0000000000
26792  25.776  -62.267  -32.148  0.0000000000
26793  25.000  -62.229  -32.186  0.0000000000
26794  24.247  -62.186  -32.242  0.0000000000
26795  23.510  -62.197  -32.381  0.0000000000
26796  22.723  -62.285  -32.433  0.0000000000
26797  21.843  -62.305  -32.155  0.0000000000
26798  21.431  -62.331  -32.095  0.0000000000
26810  30.548  -61.787  -32.882  0.0000000000
26811  30.036  -62.013  -33.219  0.0000000000
26812  29.611  -62.119  -33.504  0.0000000000
26813  23.244  -62.326  -32.764  0.0000000000
26814  23.104  -62.446  -32.871  0.0000000000
26825  29.771  -61.799  -33.607  0.0000000000
26826  29.313  -62.025  -33.803  0.0000000000
26827  28.617  -62.069  -34.111  0.0000000000
26828  28.106  -62.283  -34.278  0.0000000000
26832  28.217  -61.816  -34.414  0.0000000000
26833  27.697  -62.063  -34.623  0.0000000000
26834  26.974  -62.069  -34.925  0.0000000000
26835  26.403  -62.267  -35.091  0.0000000000
26843  26.645  -61.816  -35.233  0.0000000000
26844  26.113  -62.014  -35.572  0.0000000000
26845  25.555  -62.247  -35.882  0.0000000000
26853  0.000  0.000  0.000  0.0000000000
26854  0.000  0.000  0.000  0.0000000000
26855  0.000  0.000  0.000  0.0000000000
26856  0.000  0.000  0.000  0.0000000000
26857  0.000  0.000  0.000  0.0000000000
26858  30.302  -61.608  -36.576  0.0000000000
26859  25.836  -61.844  -36.449  0.0000000000
26860  25.152  -62.282  -36.385  0.0000000000
26861  24.769  -62.393  -36.509  0.0000000000
26868  0.000  0.000  0.000  0.0000000000
26869  0.000  0.000  0.000  0.0000000000
26870  0.000  0.000  0.000  0.0000000000
26871  0.000  0.000  0.000  0.0000000000
26872  0.000  0.000  0.000  0.0000000000
26873  29.925  -61.763  -37.073  0.0000000000
26874  28.960  -61.802  -37.352  0.0000000000
26875  28.139  -61.804  -37.396  0.0000000000
26876  27.339  -61.804  -37.396  0.0000000000
26877  26.593  -61.845  -37.374  0.0000000000
26878  25.935  -61.954  -37.227  0.0000000000
26879  25.311  -62.154  -37.037  0.0000000000
26880  24.774  -62.392  -36.893  0.0000000000
26891  0.000  0.000  0.000  0.0000000000
26892  0.000  0.000  0.000  0.0000000000
26893  0.000  0.000  0.000  0.0000000000
26894  0.000  0.000  0.000  0.0000000000
26895  0.000  0.000  0.000  0.0000000000
26896  30.250  -62.227  -37.727  0.0000000000
26897  29.417  -62.194  -37.760  0.0000000000
26898  28.596  -62.196  -37.804  0.0000000000
26899  27.796  -62.196  -37.804  0.0000000000
26900  26.996  -62.196  -37.804  0.0000000000
26901  26.229  -62.229  -37.771  0.0000000000
26902  25.530  -62.368  -37.670  0.0000000000
26917  0.000  0.000  0.000  0.0000000000
26918  0.000  0.000  0.000  0.0000000000
26919  0.000  0.000  0.000  0.0000000000
26932  0.000  0.000  0.000  0.0000000000
26933  0.000  0.000  0.000  0.0000000000
26934  0.000  0.000  0.000  0.0000000000
26935  0.000  0.000  0.000  0.0000000000
26947  0.000  0.000  0.000  0.0000000000
26948  0.000  0.000  0.000  0.0000000000
26949  0.000  0.000  0.000  0.0000000000
26950  0.000  0.000  0.000  0.0000000000
26965  0.000  0.000  0.000  0.0000000000
26966  0.000  0.000  0.000  0.0000000000
26967  0.000  0.000  0.000  0.0000000000
26979  0.000  0.000  0.000  0.0000000000
26980  0.000  0.000  0.000  0.0000000000
26981  0.000  0.000  0.000  0.0000000000
26982  0.000  0.000  0.000  0.0000000000
26993  0.000  0.000  0.000  0.0000000000
26994  0.000  0.000  0.000  0.0000000000
26995  0.000  0.000  0.000  0.0000000000
26996  0.000  0.000  0.000  0.0000000000
26997  0.000  0.000  0.000  0.0000000000
27007  0.000  0.000  0.000  0.0000000000
27008  0.000  0.000  0.000  0.0000000000
27009  0.000  0.000  0.000  0.0000000000
27010  0.000  0.000  0.000  0.0000000000
28332  0.000  0.000  0.000  0.0000000000
28333  0.000  0.000  0.000  0.0000000000
28334  0.000  0.000  0.000  0.0000000000
28350  0.000  0.000  0.000  0.0000000000
28351  0.000  0.000  0.000  0.0000000000
28352  0.000  0.000  0.000  0.0000000000
28353  28.952  -61.200  -24.696  0.0000000000
28354  28.125  -61.486  -24.727  0.0000000000
28355  27.677  -61.592  -24.770  0.0000000000
28370  0.000  0.000  0.000  0.0000000000
28371  0.000  0.000  0.000  0.0000000000
28372  28.780  -60.816  -25.061  0.0000000000
28373  28.323  -61.027  -25.057  0.0000000000
28374  27.514  -61.333  -25.201  0.0000000000
28375  26.940  -61.547  -25.468  0.0000000000
28390  0.000  0.000  0.000  0.0000000000
28391  0.000  0.000  0.000  0.0000000000
28392  0.000  0.000  0.000  0.0000000000
28393  27.481  -60.948  -25.634  0.0000000000
28394  26.907  -61.213  -25.809  0.0000000000
28395  26.260  -61.218  -26.254  0.0000000000
28404  0.000  0.000  0.000  0.0000000000
28405  0.000  0.000  0.000  0.0000000000
28406  25.862  -61.233  -26.754  0.0000000000
28407  25.494  -61.511  -27.200  0.0000000000
28418  0.000  0.000  0.000  0.0000000000
28419  0.000  0.000  0.000  0.0000000000
28420  0.000  0.000  0.000  0.0000000000
28421  25.814  -61.042  -27.447  0.0000000000
28422  25.420  -61.415  -27.844  0.0000000000
28436  0.000  0.000  0.000  0.0000000000
28437  33.935  -61.236  -28.206  0.0000000000
28438  33.200  -61.200  -28.500  0.0000000000
28439  32.362  -60.977  -28.566  0.0000000000
28440  31.600  -60.971  -28.590  0.0000000000
28441  30.800  -61.004  -28.596  0.0000000000
28442  30.000  -61.004  -28.596  0.0000000000
28443  29.238  -60.990  -28.657  0.0000000000
28444  28.673  -60.956  -28.833  0.0000000000
28445  25.810  -60.990  -28.190  0.0000000000
28446  25.445  -61.306  -28.517  0.0000000000
28459  0.000  0.000  0.000  0.0000000000
28460  32.933  -61.467  -28.800  0.0000000000
28461  32.362  -61.467  -28.900  0.0000000000
28462  31.600  -61.461  -28.939  0.0000000000
28463  30.800  -61.461  -28.939  0.0000000000
28464  29.987  -61.457  -28.983  0.0000000000
28465  29.223  -61.371  -29.164  0.0000000000
28466  28.539  -61.137  -29.291  0.0000000000
28467  28.029  -60.960  -29.456  0.0000000000
28468  25.824  -60.988  -28.990  0.0000000000
28469  25.265  -61.346  -29.201  0.0000000000
28470  24.775  -61.495  -29.499  0.0000000000
28481  0.000  0.000  0.000  0.0000000000
28482  0.000  0.000  0.000  0.0000000000
28483  28.922  -61.505  -29.585  0.0000000000
28484  28.421  -61.379  -29.884  0.0000000000
28485  27.695  -61.058  -29.937  0.0000000000
28486  26.973  -61.008  -30.158  0.0000000000
28487  25.986  -61.015  -29.994  0.0000000000
28488  24.996  -61.264  -30.038  0.0000000000
28489  24.269  -61.425  -30.053  0.0000000000
28490  23.554  -61.473  -30.238  0.0000000000
28491  22.909  -61.552  -30.202  0.0000000000
28492  22.453  -61.617  -30.141  0.0000000000
28501  0.000  0.000  0.000  0.0000000000
28502  0.000  0.000  0.000  0.0000000000
28503  28.117  -61.496  -30.302  0.0000000000
28504  27.558  -61.463  -30.527  0.0000000000
28505  26.680  -61.408  -30.825  0.0000000000
28506  25.830  -61.269  -30.879  0.0000000000
28507  25.148  -61.234  -30.754  0.0000000000
28508  24.353  -61.294  -30.735  0.0000000000
28509  23.646  -61.345  -30.754  0.0000000000
28510  22.968  -61.478  -30.808  0.0000000000
28511  22.378  -61.619  -30.531  0.0000000000
28522  0.000  0.000  0.000  0.0000000000
28523  0.000  0.000  0.000  0.0000000000
28524  0.000  0.000  0.000  0.0000000000
28525  0.000  0.000  0.000  0.0000000000
28526  0.000  0.000  0.000  0.0000000000
28527  33.329  -61.630  -31.994  0.0000000000
28528  26.554  -61.658  -31.342  0.0000000000
28529  25.995  -61.511  -31.352  0.0000000000
28530  25.246  -61.461  -31.358  0.0000000000
28531  24.465  -61.461  -31.339  0.0000000000
28532  23.704  -61.446  -31.293  0.0000000000
28533  23.240  -61.424  -31.170  0.0000000000
28540  0.000  0.000  0.000  0.0000000000
28541  0.000  0.000  0.000  0.0000000000
28542  0.000  0.000  0.000  0.0000000000
28543  0.000  0.000  0.000  0.0000000000
28544  32.167  -61.220  -32.667  0.0000000000
28545  31.326  -61.474  -32.737  0.0000000000
28546  30.878  -61.576  -32.784  0.0000000000
28556  31.980  -60.852  -33.044  0.0000000000
28557  31.532  -61.004  -33.053  0.0000000000
28558  30.750  -61.285  -33.288  0.0000000000
28559  30.106  -61.566  -33.519  0.0000000000
28569  0.000  0.000  0.000  0.0000000000
28570  0.000  0.000  0.000  0.0000000000
28571  30.813  -61.031  -34.072  0.0000000000
28572  29.867  -61.407  -34.013  0.0000000000
28573  28.979  -61.558  -34.293  0.0000000000
28574  28.515  -61.612  -34.370  0.0000000000
28581  0.000  0.000  0.000  0.0000000000
28582  0.000  0.000  0.000  0.0000000000
28583  0.000  0.000  0.000  0.0000000000
28584  30.865  -61.139  -34.847  0.0000000000
28585  30.053  -61.197  -34.814  0.0000000000
28586  29.207  -61.283  -34.833  0.0000000000
28587  28.300  -61.454  -34.820  0.0000000000
28588  27.437  -61.558  -35.093  0.0000000000
28589  26.951  -61.612  -35.170  0.0000000000
28598  0.000  0.000  0.000  0.0000000000
28599  0.000  0.000  0.000  0.0000000000
28600  0.000  0.000  0.000  0.0000000000
28601  0.000  0.000  0.000  0.0000000000
28602  0.000  0.000  0.000  0.0000000000
28603  30.280  -61.261  -35.567  0.0000000000
28604  29.512  -61.229  -35.600  0.0000000000
28605  28.714  -61.225  -35.600  0.0000000000
28606  27.861  -61.283  -35.633  0.0000000000
28607  26.926  -61.458  -35.651  0.0000000000
28608  26.341  -61.519  -36.074  0.0000000000
28617  0.000  0.000  0.000  0.0000000000
28618  0.000  0.000  0.000  0.0000000000
28619  0.000  0.000  0.000  0.0000000000
28620  0.000  0.000  0.000  0.0000000000
28621  0.000  0.000  0.000  0.0000000000
28622  0.000  0.000  0.000  0.0000000000
28623  29.906  -61.404  -36.341  0.0000000000
28624  29.205  -61.284  -36.322  0.0000000000
28625  28.465  -61.265  -36.335  0.0000000000
28626  27.645  -61.291  -36.335  0.0000000000
28627  26.889  -61.348  -36.411  0.0000000000
28628  26.356  -61.460  -36.540  0.0000000000
28637  0.000  0.000  0.000  0.0000000000
28638  0.000  0.000  0.000  0.0000000000
28639  29.580  -61.430  -36.754  0.0000000000
28640  29.110  -61.450  -36.882  0.0000000000
28641  28.335  -61.461  -36.939  0.0000000000
28642  27.535  -61.461  -36.939  0.0000000000
28643  26.811  -61.505  -36.952  0.0000000000
28644  26.254  -61.625  -36.930  0.0000000000
28652  0.000  0.000  0.000  0.0000000000
28653  0.000  0.000  0.000  0.0000000000
28667  0.000  0.000  0.000  0.0000000000
28668  0.000  0.000  0.000  0.0000000000
28687  0.000  0.000  0.000  0.0000000000
28688  0.000  0.000  0.000  0.0000000000
28689  0.000  0.000  0.000  0.0000000000
28708  0.000  0.000  0.000  0.0000000000
28709  0.000  0.000  0.000  0.0000000000
28710  0.000  0.000  0.000  0.0000000000
28730  0.000  0.000  0.000  0.0000000000
28731  0.000  0.000  0.000  0.0000000000
28732  0.000  0.000  0.000  0.0000000000
28750  0.000  0.000  0.000  0.0000000000
28751  0.000  0.000  0.000  0.0000000000
28752  0.000  0.000  0.000  0.0000000000
28753  0.000  0.000  0.000  0.0000000000
28754  0.000  0.000  0.000  0.0000000000
28771  0.000  0.000  0.000  0.0000000000
28772  0.000  0.000  0.000  0.0000000000
28773  0.000  0.000  0.000  0.0000000000
28774  0.000  0.000  0.000  0.0000000000
28775  0.000  0.000  0.000  0.0000000000
28776  0.000  0.000  0.000  0.0000000000
28792  0.000  0.000  0.000  0.0000000000
28793  0.000  0.000  0.000  0.0000000000
28794  0.000  0.000  0.000  0.0000000000
28795  0.000  0.000  0.000  0.0000000000
29993  0.000  0.000  0.000  0.0000000000
29994  0.000  0.000  0.000  0.0000000000
29995  0.000  0.000  0.000  0.0000000000
29996  0.000  0.000  0.000  0.0000000000
29997  0.000  0.000  0.000  0.0000000000
29998  0.000  0.000  0.000  0.0000000000
30011  0.000  0.000  0.000  0.0000000000
30012  0.000  0.000  0.000  0.0000000000
30013  0.000  0.000  0.000  0.0000000000
30014  0.000  0.000  0.000  0.0000000000
30015  0.000  0.000  0.000  0.0000000000
30016  0.000  0.000  0.000  0.0000000000
30017  0.000  0.000  0.000  0.0000000000
30018  0.000  0.000  0.000  0.0000000000
30019  29.503  -60.830  -24.691  0.0000000000
30034  0.000  0.000  0.000  0.0000000000
30035  0.000  0.000  0.000  0.0000000000
30036  0.000  0.000  0.000  0.0000000000
30037  0.000  0.000  0.000  0.0000000000
30038  0.000  0.000  0.000  0.0000000000
30039  29.206  -60.435  -25.225  0.0000000000
30040  28.434  -60.637  -25.430  0.0000000000
30041  27.886  -60.856  -25.458  0.0000000000
30057  0.000  0.000  0.000  0.0000000000
30058  0.000  0.000  0.000  0.0000000000
30059  0.000  0.000  0.000  0.0000000000
30060  28.980  -60.160  -25.705  0.0000000000
30061  28.621  -60.249  -25.910  0.0000000000
30062  27.743  -60.615  -26.004  0.0000000000
30063  26.896  -60.725  -26.326  0.0000000000
30064  26.354  -60.787  -26.564  0.0000000000
30078  0.000  0.000  0.000  0.0000000000
30079  0.000  0.000  0.000  0.0000000000
30080  0.000  0.000  0.000  0.0000000000
30081  28.916  -60.038  -26.903  0.0000000000
30082  28.459  -60.210  -26.704  0.0000000000
30083  27.613  -60.433  -26.820  0.0000000000
30084  26.871  -60.503  -26.922  0.0000000000
30085  26.271  -60.699  -27.104  0.0000000000
30096  0.000  0.000  0.000  0.0000000000
30097  0.000  0.000  0.000  0.0000000000
30098  0.000  0.000  0.000  0.0000000000
30099  33.245  -60.218  -27.784  0.0000000000
30100  32.699  -60.172  -27.997  0.0000000000
30101  31.282  -60.056  -27.739  0.0000000000
30102  30.820  -60.158  -27.781  0.0000000000
30103  30.090  -60.217  -27.745  0.0000000000
30104  29.220  -60.224  -27.454  0.0000000000
30105  28.400  -60.410  -27.528  0.0000000000
30106  27.600  -60.429  -27.586  0.0000000000
30107  26.865  -60.465  -27.665  0.0000000000
30108  26.261  -60.661  -27.861  0.0000000000
30123  33.733  -60.653  -27.970  0.0000000000
30124  33.200  -60.629  -28.157  0.0000000000
30125  32.463  -60.440  -28.243  0.0000000000
30126  31.620  -60.365  -28.132  0.0000000000
30127  30.800  -60.563  -28.199  0.0000000000
30128  30.000  -60.603  -28.159  0.0000000000
30129  29.200  -60.632  -28.144  0.0000000000
30130  28.390  -60.635  -28.295  0.0000000000
30131  27.537  -60.506  -28.337  0.0000000000
30132  26.851  -60.494  -28.465  0.0000000000
30133  26.261  -60.661  -28.661  0.0000000000
30147  28.105  -60.756  -28.905  0.0000000000
30148  27.457  -60.643  -29.157  0.0000000000
30149  26.761  -60.565  -29.195  0.0000000000
30150  26.257  -60.691  -29.400  0.0000000000
30163  27.133  -60.711  -29.689  0.0000000000
30164  26.576  -60.697  -29.737  0.0000000000
30165  26.250  -60.710  -29.750  0.0000000000
30174  0.000  0.000  0.000  0.0000000000
30186  0.000  0.000  0.000  0.0000000000
30187  0.000  0.000  0.000  0.0000000000
30188  0.000  0.000  0.000  0.0000000000
30199  0.000  0.000  0.000  0.0000000000
30200  0.000  0.000  0.000  0.0000000000
30201  0.000  0.000  0.000  0.0000000000
30202  0.000  0.000  0.000  0.0000000000
30203  0.000  0.000  0.000  0.0000000000
30204  0.000  0.000  0.000  0.0000000000
30205  0.000  0.000  0.000  0.0000000000
30217  0.000  0.000  0.000  0.0000000000
30218  0.000  0.000  0.000  0.0000000000
30219  0.000  0.000  0.000  0.0000000000
30220  0.000  0.000  0.000  0.0000000000
30221  31.638  -60.725  -33.326  0.0000000000
30222  31.223  -60.837  -33.327  0.0000000000
30229  0.000  0.000  0.000  0.0000000000
30230  0.000  0.000  0.000  0.0000000000
30231  0.000  0.000  0.000  0.0000000000
30232  0.000  0.000  0.000  0.0000000000
30233  31.152  -60.807  -33.589  0.0000000000
30241  0.000  0.000  0.000  0.0000000000
30242  0.000  0.000  0.000  0.0000000000
30243  0.000  0.000  0.000  0.0000000000
30244  0.000  0.000  0.000  0.0000000000
30250  0.000  0.000  0.000  0.0000000000
30251  0.000  0.000  0.000  0.0000000000
30252  0.000  0.000  0.000  0.0000000000
30260  0.000  0.000  0.000  0.0000000000
30261  0.000  0.000  0.000  0.0000000000
30269  0.000  0.000  0.000  0.0000000000
30270  0.000  0.000  0.000  0.0000000000
30283  0.000  0.000  0.000  0.0000000000
30284  0.000  0.000  0.000  0.0000000000
30304  0.000  0.000  0.000  0.0000000000
30305  0.000  0.000  0.000  0.0000000000
30331  0.000  0.000  0.000  0.0000000000
30332  0.000  0.000  0.000  0.0000000000
30333  0.000  0.000  0.000  0.0000000000
30353  0.000  0.000  0.000  0.0000000000
30354  0.000  0.000  0.000  0.0000000000
30355  0.000  0.000  0.000  0.0000000000
30356  0.000  0.000  0.000  0.0000000000
30357  0.000  0.000  0.000  0.0000000000
30358  0.000  0.000  0.000  0.0000000000
30359  0.000  0.000  0.000  0.0000000000
30380  0.000  0.000  0.000  0.0000000000
30381  0.000  0.000  0.000  0.0000000000
30382  0.000  0.000  0.000  0.0000000000
30383  0.000  0.000  0.000  0.0000000000
30384  0.000  0.000  0.000  0.0000000000
30385  0.000  0.000  0.000  0.0000000000
30404  0.000  0.000  0.000  0.0000000000
30405  0.000  0.000  0.000  0.0000000000
30406  0.000  0.000  0.000  0.0000000000
30407  0.000  0.000  0.000  0.0000000000
30408  0.000  0.000  0.000  0.0000000000
30409  0.000  0.000  0.000  0.0000000000
30410  0.000  0.000  0.000  0.0000000000
30426  0.000  0.000  0.000  0.0000000000
30427  0.000  0.000  0.000  0.0000000000
30428  0.000  0.000  0.000  0.0000000000
30429  0.000  0.000  0.000  0.0000000000
30430  0.000  0.000  0.000  0.0000000000
30447  0.000  0.000  0.000  0.0000000000
30448  0.000  0.000  0.000  0.0000000000
30449  0.000  0.000  0.000  0.0000000000
31643  0.000  0.000  0.000  0.0000000000
31644  0.000  0.000  0.000  0.0000000000
31645  0.000  0.000  0.000  0.0000000000
31646  0.000  0.000  0.000  0.0000000000
31658  0.000  0.000  0.000  0.0000000000
31659  0.000  0.000  0.000  0.0000000000
31660  0.000  0.000  0.000  0.0000000000
31661  0.000  0.000  0.000  0.0000000000
31662  0.000  0.000  0.000  0.0000000000
31663  0.000  0.000  0.000  0.0000000000
31664  0.000  0.000  0.000  0.0000000000
31677  0.000  0.000  0.000  0.0000000000
31678  0.000  0.000  0.000  0.0000000000
31679  0.000  0.000  0.000  0.0000000000
31680  0.000  0.000  0.000  0.0000000000
31681  32.139  -59.665  -25.265  0.0000000000
31682  0.000  0.000  0.000  0.0000000000
31683  0.000  0.000  0.000  0.0000000000
31684  29.974  -59.891  -25.417  0.0000000000
31685  29.568  -60.032  -25.376  0.0000000000
31697  0.000  0.000  0.000  0.0000000000
31698  0.000  0.000  0.000  0.0000000000
31699  0.000  0.000  0.000  0.0000000000
31700  0.000  0.000  0.000  0.0000000000
31701  32.335  -59.600  -26.000  0.0000000000
31702  31.535  -59.600  -26.000  0.0000000000
31703  30.753  -59.629  -26.000  0.0000000000
31704  29.989  -59.724  -26.021  0.0000000000
31705  29.210  -59.958  -25.926  0.0000000000
31706  28.696  -60.010  -26.277  0.0000000000
31720  0.000  0.000  0.000  0.0000000000
31721  0.000  0.000  0.000  0.0000000000
31722  0.000  0.000  0.000  0.0000000000
31723  32.427  -59.654  -26.800  0.0000000000
31724  31.647  -59.661  -26.767  0.0000000000
31725  30.865  -59.665  -26.735  0.0000000000
31726  30.104  -59.699  -26.729  0.0000000000
31727  29.362  -59.859  -26.732  0.0000000000
31728  28.843  -59.955  -26.541  0.0000000000
31743  0.000  0.000  0.000  0.0000000000
31744  0.000  0.000  0.000  0.0000000000
31745  32.592  -59.855  -27.579  0.0000000000
31746  31.762  -59.869  -27.525  0.0000000000
31747  31.062  -59.844  -27.362  0.0000000000
31748  30.351  -59.867  -27.333  0.0000000000
31749  29.721  -59.915  -27.274  0.0000000000
31764  32.359  -60.020  -28.023  0.0000000000
31765  32.071  -60.027  -27.974  0.0000000000
31820  0.000  0.000  0.000  0.0000000000
31821  0.000  0.000  0.000  0.0000000000
31822  0.000  0.000  0.000  0.0000000000
31836  0.000  0.000  0.000  0.0000000000
31837  0.000  0.000  0.000  0.0000000000
31838  0.000  0.000  0.000  0.0000000000
31839  0.000  0.000  0.000  0.0000000000
31846  0.000  0.000  0.000  0.0000000000
31847  0.000  0.000  0.000  0.0000000000
31848  0.000  0.000  0.000  0.0000000000
31857  0.000  0.000  0.000  0.0000000000
31858  0.000  0.000  0.000  0.0000000000
31859  0.000  0.000  0.000  0.0000000000
31867  0.000  0.000  0.000  0.0000000000
31868  0.000  0.000  0.000  0.0000000000
31877  0.000  0.000  0.000  0.0000000000
31878  0.000  0.000  0.000  0.0000000000
31893  0.000  0.000  0.000  0.0000000000
31894  0.000  0.000  0.000  0.0000000000
31916  0.000  0.000  0.000  0.0000000000
31917  0.000  0.000  0.000  0.0000000000
31918  0.000  0.000  0.000  0.0000000000
31919  0.000  0.000  0.000  0.0000000000
31942  0.000  0.000  0.000  0.0000000000
31943  0.000  0.000  0.000  0.0000000000
31944  0.000  0.000  0.000  0.0000000000
31945  0.000  0.000  0.000  0.0000000000
31946  0.000  0.000  0.000  0.0000000000
31947  0.000  0.000  0.000  0.0000000000
31970  0.000  0.000  0.000  0.0000000000
31971  0.000  0.000  0.000  0.0000000000
31972  0.000  0.000  0.000  0.0000000000
31973  0.000  0.000  0.000  0.0000000000
31974  0.000  0.000  0.000  0.0000000000
31975  0.000  0.000  0.000  0.0000000000
31976  0.000  0.000  0.000  0.0000000000
31977  0.000  0.000  0.000  0.0000000000
31996  0.000  0.000  0.000  0.0000000000
31997  0.000  0.000  0.000  0.0000000000
31998  0.000  0.000  0.000  0.0000000000
31999  0.000  0.000  0.000  0.0000000000
32000  0.000  0.000  0.000  0.0000000000
32001  0.000  0.000  0.000  0.0000000000
32002  0.000  0.000  0.000  0.0000000000
32003  0.000  0.000  0.000  0.0000000000
32022  0.000  0.000  0.000  0.0000000000
32023  0.000  0.000  0.000  0.0000000000
32024  0.000  0.000  0.000  0.0000000000
32025  0.000  0.000  0.000  0.0000000000
32026  0.000  0.000  0.000  0.0000000000
32046  0.000  0.000  0.000  0.0000000000
32047  0.000  0.000  0.000  0.0000000000
32048  0.000  0.000  0.000  0.0000000000
32049  0.000  0.000  0.000  0.0000000000
32063  0.000  0.000  0.000  0.0000000000
32064  0.000  0.000  0.000  0.0000000000
33442  0.000  0.000  0.000  0.0000000000
33443  0.000  0.000  0.000  0.0000000000
33453  0.000  0.000  0.000  0.0000000000
33454  0.000  0.000  0.000  0.0000000000
33465  0.000  0.000  0.000  0.0000000000
33480  0.000  0.000  0.000  0.0000000000
33498  0.000  0.000  0.000  0.0000000000
33556  0.000  0.000  0.000  0.0000000000
33557  0.000  0.000  0.000  0.0000000000
33558  0.000  0.000  0.000  0.0000000000
33581  0.000  0.000  0.000  0.0000000000
33582  0.000  0.000  0.000  0.0000000000
33583  0.000  0.000  0.000  0.0000000000
33605  0.000  0.000  0.000  0.0000000000
33606  0.000  0.000  0.000  0.0000000000
33607  0.000  0.000  0.000  0.0000000000
