#!ascii label  , from subject  vox2ras=TkReg
1718
4948  -9.595  -74.330  -66.204  0.0000000000
4959  -9.904  -73.321  -67.275  0.0000000000
4972  -9.979  -73.072  -67.535  0.0000000000
5774  -9.319  -74.314  -66.262  0.0000000000
5783  22.532  -74.506  -42.314  0.0000000000
5784  -8.844  -73.755  -66.947  0.0000000000
5785  -9.395  -73.996  -66.606  0.0000000000
5786  -9.714  -74.046  -66.504  0.0000000000
5794  22.543  -74.489  -43.021  0.0000000000
5795  -8.888  -73.261  -67.482  0.0000000000
5796  -9.368  -73.492  -67.165  0.0000000000
5797  -9.826  -73.751  -66.815  0.0000000000
5805  22.550  -74.456  -43.330  0.0000000000
5806  22.223  -74.503  -43.337  0.0000000000
5807  -9.507  -72.942  -67.743  0.0000000000
5808  -10.041  -72.941  -67.666  0.0000000000
5824  -9.939  -72.733  -67.905  0.0000000000
6693  23.266  -73.624  -42.075  0.0000000000
6694  22.978  -73.991  -41.889  0.0000000000
6702  23.299  -73.688  -42.492  0.0000000000
6703  22.951  -74.137  -42.751  0.0000000000
6710  23.256  -73.702  -43.065  0.0000000000
6711  22.749  -74.021  -43.468  0.0000000000
6712  22.013  -74.024  -43.746  0.0000000000
6713  -9.515  -72.427  -68.292  0.0000000000
6714  -9.930  -72.225  -68.447  0.0000000000
6729  22.534  -73.610  -44.004  0.0000000000
6730  22.152  -73.587  -44.025  0.0000000000
6731  -10.081  -72.528  -68.103  0.0000000000
7728  23.436  -73.161  -42.016  0.0000000000
7729  23.215  -73.486  -41.706  0.0000000000
7739  23.486  -73.129  -42.761  0.0000000000
7749  23.367  -73.189  -43.481  0.0000000000
7750  22.995  -73.404  -43.894  0.0000000000
7751  21.850  -73.285  -43.933  0.0000000000
7752  -9.433  -71.956  -68.799  0.0000000000
7753  -10.105  -71.865  -68.799  0.0000000000
7768  23.352  -72.964  -44.014  0.0000000000
7769  22.931  -73.049  -44.256  0.0000000000
7770  22.386  -73.103  -44.207  0.0000000000
8820  23.586  -72.414  -42.308  0.0000000000
8831  23.643  -72.429  -43.080  0.0000000000
8832  -10.412  -70.800  -69.849  0.0000000000
8844  24.044  -72.037  -43.800  0.0000000000
8845  23.736  -72.448  -43.770  0.0000000000
8846  21.697  -72.485  -43.882  0.0000000000
8847  21.123  -72.446  -43.697  0.0000000000
8848  -10.184  -71.268  -69.406  0.0000000000
8861  24.064  -72.117  -44.185  0.0000000000
8862  23.544  -72.499  -44.399  0.0000000000
8863  22.876  -72.404  -44.621  0.0000000000
8864  22.203  -72.485  -44.246  0.0000000000
8877  24.017  -72.046  -44.657  0.0000000000
8878  23.579  -72.116  -44.930  0.0000000000
8879  23.184  -72.052  -45.044  0.0000000000
10010  23.679  -71.614  -42.007  0.0000000000
10022  23.691  -71.660  -42.778  0.0000000000
10023  -10.328  -70.524  -70.141  0.0000000000
10039  24.167  -71.681  -43.866  0.0000000000
10040  23.899  -71.742  -43.442  0.0000000000
10041  21.570  -72.020  -43.873  0.0000000000
10042  21.138  -71.639  -43.906  0.0000000000
10043  -10.006  -70.660  -70.050  0.0000000000
10055  24.250  -71.548  -44.367  0.0000000000
10056  22.462  -72.055  -44.564  0.0000000000
10057  21.954  -71.843  -44.392  0.0000000000
10058  21.496  -71.280  -44.676  0.0000000000
10063  24.108  -71.533  -45.045  0.0000000000
10064  23.579  -71.737  -45.289  0.0000000000
10065  22.800  -71.772  -45.105  0.0000000000
10066  22.041  -71.372  -45.273  0.0000000000
10067  21.570  -71.188  -45.125  0.0000000000
10076  24.011  -71.289  -45.584  0.0000000000
10077  23.491  -71.359  -45.727  0.0000000000
10078  22.780  -71.326  -45.749  0.0000000000
10079  22.318  -71.220  -45.826  0.0000000000
11214  23.919  -70.858  -41.911  0.0000000000
11225  24.052  -70.520  -42.942  0.0000000000
11226  23.843  -70.865  -42.699  0.0000000000
11227  -10.211  -70.385  -70.297  0.0000000000
11228  -10.417  -70.172  -70.479  0.0000000000
11242  24.215  -70.872  -43.571  0.0000000000
11243  23.844  -71.204  -43.158  0.0000000000
11244  20.764  -71.026  -43.852  0.0000000000
11245  20.271  -70.643  -43.557  0.0000000000
11246  -10.232  -70.029  -70.649  0.0000000000
11258  24.406  -70.865  -44.614  0.0000000000
11259  21.023  -70.684  -44.405  0.0000000000
11260  20.676  -70.632  -44.009  0.0000000000
11268  24.353  -70.795  -45.402  0.0000000000
11269  21.631  -71.039  -45.477  0.0000000000
11270  21.342  -70.737  -45.197  0.0000000000
11276  24.018  -70.724  -46.096  0.0000000000
11277  23.268  -70.971  -46.234  0.0000000000
11278  22.538  -70.990  -46.237  0.0000000000
11279  21.916  -70.950  -45.974  0.0000000000
11280  21.489  -70.678  -45.822  0.0000000000
11285  23.976  -70.397  -46.565  0.0000000000
11286  23.569  -70.538  -46.639  0.0000000000
11287  22.798  -70.570  -46.871  0.0000000000
11288  22.039  -70.580  -46.689  0.0000000000
11289  21.583  -70.467  -46.324  0.0000000000
11297  22.502  -70.327  -47.343  0.0000000000
11298  22.243  -70.426  -47.170  0.0000000000
12443  24.408  -70.225  -42.162  0.0000000000
12444  24.011  -70.431  -42.425  0.0000000000
12455  24.912  -69.837  -42.937  0.0000000000
12456  24.289  -70.275  -42.858  0.0000000000
12457  23.989  -70.413  -42.702  0.0000000000
12469  24.999  -69.795  -43.856  0.0000000000
12470  24.608  -70.156  -43.461  0.0000000000
12471  20.114  -69.904  -43.721  0.0000000000
12472  19.765  -70.091  -43.351  0.0000000000
12480  24.986  -69.771  -44.661  0.0000000000
12481  24.635  -70.248  -44.185  0.0000000000
12482  20.878  -69.900  -44.533  0.0000000000
12483  20.545  -70.068  -44.105  0.0000000000
12491  24.900  -69.693  -45.393  0.0000000000
12492  24.654  -70.229  -45.024  0.0000000000
12493  21.085  -70.043  -45.018  0.0000000000
12505  24.806  -69.570  -45.836  0.0000000000
12506  24.510  -69.990  -45.902  0.0000000000
12507  21.244  -69.970  -45.943  0.0000000000
12521  24.160  -70.119  -46.460  0.0000000000
12522  23.762  -69.961  -46.832  0.0000000000
12523  23.270  -70.199  -47.023  0.0000000000
12524  21.929  -70.291  -47.134  0.0000000000
12525  21.563  -69.963  -46.931  0.0000000000
12539  23.366  -69.733  -47.218  0.0000000000
12540  22.831  -69.915  -47.468  0.0000000000
12541  22.081  -69.918  -47.606  0.0000000000
12542  21.592  -69.669  -47.471  0.0000000000
12557  22.531  -69.636  -47.942  0.0000000000
12558  22.257  -69.563  -48.080  0.0000000000
13834  25.497  -69.422  -42.846  0.0000000000
13835  -10.791  -69.421  -71.164  0.0000000000
13836  -11.318  -69.057  -71.435  0.0000000000
13842  25.982  -69.010  -43.471  0.0000000000
13843  25.418  -69.404  -43.600  0.0000000000
13844  20.224  -69.577  -43.980  0.0000000000
13845  -10.458  -69.099  -71.526  0.0000000000
13846  -11.057  -68.774  -71.749  0.0000000000
13851  25.811  -69.005  -44.121  0.0000000000
13852  25.361  -69.347  -44.384  0.0000000000
13853  20.909  -69.597  -44.800  0.0000000000
13854  20.437  -69.223  -44.542  0.0000000000
13855  19.980  -68.823  -44.224  0.0000000000
13862  25.642  -68.827  -44.772  0.0000000000
13863  25.181  -69.169  -45.168  0.0000000000
13864  20.883  -69.387  -45.322  0.0000000000
13865  20.601  -68.933  -45.279  0.0000000000
13875  24.884  -69.167  -45.736  0.0000000000
13876  24.543  -69.214  -46.119  0.0000000000
13877  20.935  -69.065  -46.099  0.0000000000
13878  20.746  -68.972  -45.647  0.0000000000
13889  24.116  -69.369  -46.574  0.0000000000
13890  23.606  -69.222  -47.058  0.0000000000
13891  21.194  -69.372  -46.674  0.0000000000
13899  23.235  -69.222  -47.438  0.0000000000
13900  22.836  -69.176  -47.846  0.0000000000
13901  21.643  -69.413  -47.763  0.0000000000
13902  21.330  -69.228  -47.371  0.0000000000
13911  22.436  -69.149  -48.214  0.0000000000
13912  21.939  -69.189  -48.162  0.0000000000
13913  21.470  -68.952  -47.930  0.0000000000
15214  26.139  -68.744  -43.954  0.0000000000
15215  19.362  -68.289  -43.689  0.0000000000
15216  -11.411  -68.517  -71.939  0.0000000000
15223  26.480  -68.111  -44.590  0.0000000000
15224  26.132  -68.578  -44.394  0.0000000000
15225  20.125  -68.277  -44.568  0.0000000000
15226  19.754  -68.486  -44.091  0.0000000000
15233  26.347  -67.973  -44.945  0.0000000000
15234  25.949  -68.247  -44.920  0.0000000000
15235  25.110  -68.396  -45.312  0.0000000000
15236  24.560  -68.116  -45.556  0.0000000000
15237  20.414  -68.526  -45.099  0.0000000000
15247  24.965  -68.784  -45.606  0.0000000000
15248  24.385  -68.445  -45.987  0.0000000000
15249  23.778  -68.116  -46.320  0.0000000000
15250  20.817  -68.584  -46.343  0.0000000000
15251  20.616  -68.447  -45.825  0.0000000000
15260  24.194  -68.804  -46.422  0.0000000000
15261  23.620  -68.447  -46.759  0.0000000000
15262  23.105  -68.056  -47.108  0.0000000000
15263  20.980  -68.692  -46.866  0.0000000000
15264  20.661  -68.168  -46.590  0.0000000000
15272  23.422  -68.804  -47.242  0.0000000000
15273  23.096  -68.525  -47.479  0.0000000000
15274  21.142  -68.544  -47.648  0.0000000000
15275  20.770  -68.078  -47.305  0.0000000000
15282  22.692  -68.420  -48.157  0.0000000000
15283  22.184  -68.590  -48.498  0.0000000000
15284  21.508  -68.383  -48.356  0.0000000000
15293  22.472  -68.089  -48.662  0.0000000000
15294  22.038  -68.076  -48.844  0.0000000000
15295  21.570  -67.873  -48.843  0.0000000000
16611  -11.269  -67.794  -72.643  0.0000000000
16612  -11.745  -67.927  -72.443  0.0000000000
16627  25.674  -67.303  -44.705  0.0000000000
16628  24.902  -67.380  -44.645  0.0000000000
16629  24.142  -67.293  -44.694  0.0000000000
16630  23.693  -67.188  -44.732  0.0000000000
16631  20.154  -67.353  -44.664  0.0000000000
16632  19.733  -67.659  -44.153  0.0000000000
16640  26.502  -67.633  -44.824  0.0000000000
16641  26.074  -67.711  -44.964  0.0000000000
16642  25.396  -67.807  -45.001  0.0000000000
16643  24.463  -67.772  -45.245  0.0000000000
16644  23.553  -67.360  -45.226  0.0000000000
16645  23.068  -67.174  -45.517  0.0000000000
16646  20.356  -67.716  -45.311  0.0000000000
16659  24.276  -67.991  -45.680  0.0000000000
16660  23.740  -67.818  -45.930  0.0000000000
16661  23.182  -67.408  -45.851  0.0000000000
16662  20.492  -67.583  -46.206  0.0000000000
16674  23.511  -67.956  -46.444  0.0000000000
16675  23.136  -67.627  -46.565  0.0000000000
16676  20.573  -67.493  -47.015  0.0000000000
16684  22.878  -67.672  -47.480  0.0000000000
16685  20.975  -68.012  -47.921  0.0000000000
16686  20.692  -67.455  -47.780  0.0000000000
16693  22.715  -67.562  -48.314  0.0000000000
16694  21.094  -67.539  -48.463  0.0000000000
16695  20.743  -67.196  -48.220  0.0000000000
16703  22.452  -67.529  -48.865  0.0000000000
16704  21.962  -67.491  -49.061  0.0000000000
16705  21.507  -67.378  -48.958  0.0000000000
17973  25.902  -66.418  -43.966  0.0000000000
17974  25.450  -66.514  -43.874  0.0000000000
17975  24.686  -66.599  -43.801  0.0000000000
17976  24.065  -66.560  -43.858  0.0000000000
17977  19.558  -66.795  -43.935  0.0000000000
17978  -11.743  -67.310  -73.017  0.0000000000
17995  26.088  -66.744  -44.360  0.0000000000
17996  25.195  -66.936  -44.253  0.0000000000
17997  24.437  -66.958  -44.229  0.0000000000
17998  23.695  -66.787  -44.322  0.0000000000
17999  23.220  -66.578  -44.569  0.0000000000
18000  20.225  -66.645  -44.763  0.0000000000
18001  19.952  -66.763  -44.346  0.0000000000
18011  26.572  -67.164  -44.653  0.0000000000
18012  26.204  -67.260  -44.822  0.0000000000
18013  23.416  -66.984  -44.800  0.0000000000
18014  23.063  -66.738  -45.111  0.0000000000
18015  20.340  -66.929  -45.122  0.0000000000
18027  22.912  -66.843  -45.917  0.0000000000
18028  20.434  -66.855  -45.789  0.0000000000
18039  22.838  -66.814  -46.826  0.0000000000
18040  20.858  -66.549  -47.016  0.0000000000
18041  20.614  -66.702  -46.741  0.0000000000
18049  22.857  -66.714  -47.729  0.0000000000
18050  20.818  -66.553  -47.167  0.0000000000
18051  20.643  -66.784  -47.407  0.0000000000
18057  22.751  -66.818  -48.594  0.0000000000
18058  20.861  -66.754  -48.422  0.0000000000
18059  20.643  -66.740  -47.971  0.0000000000
18065  22.343  -66.800  -49.084  0.0000000000
18066  21.777  -66.781  -49.097  0.0000000000
18067  21.262  -66.781  -48.818  0.0000000000
19303  25.694  -65.456  -43.088  0.0000000000
19304  25.176  -65.714  -43.038  0.0000000000
19305  24.400  -65.804  -42.996  0.0000000000
19306  23.666  -65.789  -43.086  0.0000000000
19307  23.258  -65.773  -43.246  0.0000000000
19329  25.951  -65.905  -43.651  0.0000000000
19330  24.971  -66.163  -43.437  0.0000000000
19331  24.182  -66.186  -43.442  0.0000000000
19332  23.539  -66.176  -43.629  0.0000000000
19333  23.084  -65.813  -43.638  0.0000000000
19334  19.411  -66.000  -43.878  0.0000000000
19361  26.158  -66.304  -44.044  0.0000000000
19362  23.253  -66.262  -44.119  0.0000000000
19363  22.966  -65.976  -44.417  0.0000000000
19364  20.130  -66.041  -44.675  0.0000000000
19365  19.808  -66.046  -44.272  0.0000000000
19389  22.837  -65.883  -45.271  0.0000000000
19390  20.333  -66.142  -45.347  0.0000000000
19409  22.825  -66.000  -46.249  0.0000000000
19410  20.459  -66.157  -46.118  0.0000000000
19419  22.881  -66.015  -47.050  0.0000000000
19420  20.772  -66.343  -47.100  0.0000000000
19421  20.541  -65.940  -46.760  0.0000000000
19424  23.283  -65.670  -48.067  0.0000000000
19425  23.041  -65.895  -47.626  0.0000000000
19426  20.770  -66.399  -47.359  0.0000000000
19427  20.597  -66.076  -47.474  0.0000000000
19430  23.255  -65.688  -48.630  0.0000000000
19431  23.023  -66.160  -48.276  0.0000000000
19432  20.962  -66.038  -48.606  0.0000000000
19433  20.650  -66.019  -48.131  0.0000000000
19437  23.170  -65.570  -49.054  0.0000000000
19438  22.735  -65.918  -49.154  0.0000000000
19439  21.957  -66.025  -49.282  0.0000000000
19440  21.374  -66.067  -49.008  0.0000000000
19444  22.424  -65.563  -49.662  0.0000000000
19445  22.213  -65.680  -49.573  0.0000000000
20674  24.750  -64.889  -42.278  0.0000000000
20675  24.141  -64.933  -42.213  0.0000000000
20676  23.441  -64.904  -42.326  0.0000000000
20677  22.987  -64.786  -42.491  0.0000000000
20688  25.761  -65.006  -42.872  0.0000000000
20689  25.262  -65.133  -42.650  0.0000000000
20690  24.618  -65.358  -42.614  0.0000000000
20691  23.863  -65.375  -42.648  0.0000000000
20692  23.092  -65.208  -42.996  0.0000000000
20704  26.159  -65.041  -43.290  0.0000000000
20705  22.868  -65.331  -43.782  0.0000000000
20706  19.274  -65.238  -43.916  0.0000000000
20723  22.791  -65.205  -44.445  0.0000000000
20724  20.016  -65.584  -44.592  0.0000000000
20725  19.761  -65.200  -44.524  0.0000000000
20742  22.800  -65.050  -45.045  0.0000000000
20743  20.136  -65.283  -45.151  0.0000000000
20744  19.956  -64.880  -45.058  0.0000000000
20764  22.851  -65.167  -45.767  0.0000000000
20765  20.341  -65.356  -46.105  0.0000000000
20785  23.366  -64.811  -47.056  0.0000000000
20786  23.011  -65.227  -46.713  0.0000000000
20787  20.416  -65.250  -47.053  0.0000000000
20794  23.358  -65.200  -47.629  0.0000000000
20795  23.020  -65.561  -47.244  0.0000000000
20796  20.501  -65.394  -47.724  0.0000000000
20799  23.477  -65.162  -48.429  0.0000000000
20800  20.960  -65.506  -48.829  0.0000000000
20801  20.620  -65.250  -48.326  0.0000000000
20805  23.311  -65.122  -48.985  0.0000000000
20806  22.950  -65.154  -49.373  0.0000000000
20807  21.733  -65.462  -49.579  0.0000000000
20808  21.224  -65.401  -49.289  0.0000000000
20809  20.664  -64.967  -48.951  0.0000000000
20813  22.493  -65.154  -49.702  0.0000000000
20814  21.931  -65.131  -49.810  0.0000000000
20815  21.200  -64.967  -49.724  0.0000000000
20816  20.720  -64.846  -49.472  0.0000000000
22050  24.072  -64.146  -41.597  0.0000000000
22051  23.783  -63.958  -41.544  0.0000000000
22074  0.000  0.000  0.000  0.0000000000
22075  25.127  -64.414  -42.161  0.0000000000
22076  24.420  -64.363  -41.869  0.0000000000
22077  23.661  -64.323  -41.886  0.0000000000
22078  23.003  -64.367  -42.268  0.0000000000
22100  0.000  0.000  0.000  0.0000000000
22101  25.991  -64.366  -42.794  0.0000000000
22102  25.556  -64.644  -42.556  0.0000000000
22103  22.621  -64.356  -42.843  0.0000000000
22104  22.302  -64.030  -43.074  0.0000000000
22125  0.000  0.000  0.000  0.0000000000
22126  22.653  -64.442  -43.691  0.0000000000
22127  22.376  -64.190  -43.250  0.0000000000
22128  19.116  -64.652  -43.934  0.0000000000
22151  22.773  -64.571  -44.547  0.0000000000
22152  19.435  -64.469  -44.442  0.0000000000
22153  19.117  -64.205  -44.190  0.0000000000
22163  22.860  -64.421  -45.191  0.0000000000
22164  20.034  -64.766  -45.314  0.0000000000
22165  19.759  -64.437  -45.261  0.0000000000
22175  23.280  -64.064  -46.144  0.0000000000
22176  23.080  -64.418  -46.046  0.0000000000
22177  20.100  -64.689  -45.796  0.0000000000
22178  19.871  -64.140  -46.164  0.0000000000
22199  24.004  -63.961  -46.944  0.0000000000
22200  23.571  -64.230  -46.712  0.0000000000
22201  23.202  -64.688  -46.645  0.0000000000
22202  20.180  -64.470  -46.727  0.0000000000
22203  19.966  -64.034  -46.650  0.0000000000
22222  24.112  -64.079  -47.385  0.0000000000
22223  23.756  -64.550  -47.580  0.0000000000
22224  20.375  -64.723  -47.610  0.0000000000
22231  24.169  -64.033  -48.221  0.0000000000
22232  23.756  -64.613  -48.319  0.0000000000
22233  20.364  -64.471  -48.366  0.0000000000
22237  23.883  -64.077  -48.801  0.0000000000
22238  23.495  -64.395  -48.970  0.0000000000
22239  23.014  -64.400  -49.400  0.0000000000
22240  20.254  -64.338  -49.184  0.0000000000
22241  19.938  -64.062  -49.316  0.0000000000
22245  22.539  -64.400  -49.777  0.0000000000
22246  21.935  -64.433  -49.991  0.0000000000
22247  21.200  -64.433  -50.004  0.0000000000
22248  20.444  -64.358  -49.811  0.0000000000
22249  19.935  -64.099  -49.590  0.0000000000
23549  0.000  0.000  0.000  0.0000000000
23550  0.000  0.000  0.000  0.0000000000
23551  23.397  -63.477  -41.441  0.0000000000
23552  22.916  -63.249  -41.526  0.0000000000
23570  0.000  0.000  0.000  0.0000000000
23571  0.000  0.000  0.000  0.0000000000
23572  24.799  -63.888  -41.757  0.0000000000
23573  23.439  -63.884  -41.674  0.0000000000
23574  22.829  -63.615  -41.977  0.0000000000
23575  22.285  -63.216  -42.318  0.0000000000
23594  0.000  0.000  0.000  0.0000000000
23595  22.654  -63.984  -42.462  0.0000000000
23596  22.332  -63.601  -42.751  0.0000000000
23615  22.544  -63.400  -43.844  0.0000000000
23616  22.341  -63.774  -43.340  0.0000000000
23642  22.779  -63.850  -44.489  0.0000000000
23663  23.299  -63.330  -45.514  0.0000000000
23664  23.065  -63.557  -45.313  0.0000000000
23665  19.290  -63.936  -44.946  0.0000000000
23678  23.423  -63.562  -45.944  0.0000000000
23679  23.168  -63.904  -45.856  0.0000000000
23680  19.410  -63.693  -45.785  0.0000000000
23681  18.944  -63.267  -45.789  0.0000000000
23696  24.228  -63.664  -47.094  0.0000000000
23697  23.902  -63.511  -46.593  0.0000000000
23698  20.040  -63.980  -46.904  0.0000000000
23699  19.726  -63.660  -46.757  0.0000000000
23721  24.907  -63.170  -47.878  0.0000000000
23722  24.563  -63.448  -47.675  0.0000000000
23723  20.110  -64.006  -47.498  0.0000000000
23724  19.625  -63.473  -47.631  0.0000000000
23725  19.228  -63.285  -47.884  0.0000000000
23740  24.804  -63.203  -48.137  0.0000000000
23741  24.479  -63.377  -48.424  0.0000000000
23742  19.959  -63.900  -48.502  0.0000000000
23743  19.371  -63.513  -48.465  0.0000000000
23744  18.880  -63.230  -48.362  0.0000000000
23751  24.082  -63.503  -48.868  0.0000000000
23752  23.614  -63.600  -49.186  0.0000000000
23753  23.118  -63.638  -49.442  0.0000000000
23754  19.984  -63.996  -49.096  0.0000000000
23755  19.561  -63.793  -49.277  0.0000000000
23756  18.702  -63.375  -49.190  0.0000000000
23757  18.174  -63.220  -49.518  0.0000000000
23762  22.614  -63.600  -49.795  0.0000000000
23763  21.906  -63.594  -50.194  0.0000000000
23764  21.200  -63.829  -50.267  0.0000000000
23765  20.400  -63.857  -50.229  0.0000000000
23766  19.633  -63.785  -50.033  0.0000000000
23767  18.866  -63.540  -49.949  0.0000000000
23768  18.296  -63.289  -49.933  0.0000000000
23773  21.583  -63.224  -50.496  0.0000000000
23774  21.201  -63.293  -50.525  0.0000000000
23775  20.465  -63.339  -50.539  0.0000000000
23776  19.665  -63.335  -50.520  0.0000000000
23777  18.890  -63.323  -50.440  0.0000000000
23778  18.446  -63.333  -50.322  0.0000000000
25196  0.000  0.000  0.000  0.0000000000
25197  0.000  0.000  0.000  0.0000000000
25198  23.265  -62.489  -40.730  0.0000000000
25211  0.000  0.000  0.000  0.0000000000
25212  0.000  0.000  0.000  0.0000000000
25213  0.000  0.000  0.000  0.0000000000
25214  23.660  -62.977  -41.017  0.0000000000
25215  22.898  -62.779  -41.141  0.0000000000
25216  22.420  -62.578  -41.369  0.0000000000
25227  0.000  0.000  0.000  0.0000000000
25228  0.000  0.000  0.000  0.0000000000
25229  0.000  0.000  0.000  0.0000000000
25230  22.630  -63.013  -41.600  0.0000000000
25231  22.274  -62.760  -41.882  0.0000000000
25244  0.000  0.000  0.000  0.0000000000
25245  22.118  -62.769  -42.527  0.0000000000
25265  22.589  -62.509  -43.848  0.0000000000
25266  22.267  -62.871  -43.237  0.0000000000
25283  22.856  -62.914  -44.516  0.0000000000
25307  23.356  -62.815  -45.431  0.0000000000
25308  23.040  -62.884  -45.044  0.0000000000
25309  18.461  -63.120  -45.547  0.0000000000
25310  17.857  -63.039  -45.267  0.0000000000
25328  24.109  -62.486  -46.342  0.0000000000
25329  23.745  -62.890  -46.093  0.0000000000
25330  19.194  -63.198  -46.361  0.0000000000
25331  18.610  -62.971  -46.190  0.0000000000
25332  17.920  -62.894  -46.065  0.0000000000
25345  24.853  -62.532  -47.128  0.0000000000
25346  24.367  -62.977  -46.895  0.0000000000
25347  23.981  -62.962  -46.485  0.0000000000
25348  19.298  -63.156  -47.075  0.0000000000
25349  18.749  -62.927  -46.898  0.0000000000
25350  18.049  -62.816  -46.816  0.0000000000
25351  17.265  -62.800  -46.800  0.0000000000
25352  16.465  -62.800  -46.800  0.0000000000
25372  24.959  -62.890  -47.597  0.0000000000
25373  24.700  -62.966  -47.318  0.0000000000
25374  19.290  -63.176  -47.507  0.0000000000
25375  18.903  -63.034  -47.625  0.0000000000
25376  18.270  -62.848  -47.581  0.0000000000
25377  17.527  -62.800  -47.600  0.0000000000
25378  16.727  -62.800  -47.600  0.0000000000
25379  15.927  -62.800  -47.600  0.0000000000
25403  25.022  -62.775  -47.992  0.0000000000
25404  24.722  -62.746  -48.434  0.0000000000
25405  18.518  -62.976  -48.178  0.0000000000
25406  17.989  -62.886  -48.310  0.0000000000
25407  17.265  -62.829  -48.386  0.0000000000
25408  16.465  -62.800  -48.400  0.0000000000
25417  24.298  -62.784  -48.855  0.0000000000
25418  23.734  -62.800  -49.243  0.0000000000
25419  23.310  -63.067  -49.466  0.0000000000
25420  18.449  -63.080  -48.694  0.0000000000
25421  17.947  -63.025  -49.049  0.0000000000
25422  17.167  -62.861  -49.153  0.0000000000
25423  16.400  -62.786  -49.200  0.0000000000
25424  15.600  -62.739  -49.167  0.0000000000
25432  23.323  -62.587  -49.579  0.0000000000
25433  22.914  -62.869  -49.722  0.0000000000
25434  22.214  -62.829  -50.025  0.0000000000
25435  21.641  -62.533  -50.231  0.0000000000
25436  17.806  -63.023  -49.736  0.0000000000
25437  17.179  -62.797  -49.900  0.0000000000
25438  16.390  -62.623  -49.952  0.0000000000
25439  15.556  -62.535  -49.782  0.0000000000
25440  14.999  -62.357  -49.746  0.0000000000
25446  21.752  -63.013  -50.379  0.0000000000
25447  21.255  -62.765  -50.501  0.0000000000
25448  20.618  -62.805  -50.635  0.0000000000
25449  19.861  -62.800  -50.669  0.0000000000
25450  19.040  -62.811  -50.635  0.0000000000
25451  18.097  -62.872  -50.390  0.0000000000
25452  17.203  -62.511  -50.405  0.0000000000
25453  16.656  -62.317  -50.456  0.0000000000
26951  0.000  0.000  0.000  0.0000000000
26952  0.000  0.000  0.000  0.0000000000
26953  0.000  0.000  0.000  0.0000000000
26954  22.746  -61.992  -40.669  0.0000000000
26955  22.344  -61.881  -40.831  0.0000000000
26968  0.000  0.000  0.000  0.0000000000
26969  0.000  0.000  0.000  0.0000000000
26970  0.000  0.000  0.000  0.0000000000
26971  22.468  -62.240  -41.005  0.0000000000
26972  22.202  -61.992  -41.294  0.0000000000
26983  0.000  0.000  0.000  0.0000000000
26984  22.043  -62.000  -42.018  0.0000000000
26998  22.100  -62.000  -42.743  0.0000000000
27011  22.670  -61.934  -43.798  0.0000000000
27012  22.379  -61.901  -43.369  0.0000000000
27020  23.316  -61.727  -44.580  0.0000000000
27021  23.026  -61.942  -44.310  0.0000000000
27035  23.413  -61.914  -44.968  0.0000000000
27036  23.100  -62.453  -44.877  0.0000000000
27054  24.302  -61.892  -46.229  0.0000000000
27055  23.838  -61.971  -45.771  0.0000000000
27069  25.550  -61.583  -47.175  0.0000000000
27070  25.071  -61.904  -46.905  0.0000000000
27071  24.553  -62.210  -46.666  0.0000000000
27083  25.644  -61.687  -47.766  0.0000000000
27084  25.242  -62.223  -47.551  0.0000000000
27106  25.575  -61.570  -48.150  0.0000000000
27107  25.136  -61.972  -48.231  0.0000000000
27108  24.491  -62.046  -48.697  0.0000000000
27128  24.021  -62.078  -49.043  0.0000000000
27129  23.347  -62.057  -49.382  0.0000000000
27130  22.569  -61.784  -49.454  0.0000000000
27131  22.114  -61.670  -49.530  0.0000000000
27140  23.147  -62.376  -49.696  0.0000000000
27141  22.726  -62.274  -49.747  0.0000000000
27142  21.957  -61.996  -49.840  0.0000000000
27143  21.146  -62.029  -50.149  0.0000000000
27144  20.361  -61.842  -50.186  0.0000000000
27145  19.600  -61.804  -50.196  0.0000000000
27146  18.800  -61.804  -50.196  0.0000000000
27147  18.013  -61.791  -50.251  0.0000000000
27148  17.518  -61.821  -50.357  0.0000000000
27149  16.063  -62.271  -50.305  0.0000000000
27150  15.395  -62.124  -50.158  0.0000000000
27151  14.659  -61.871  -50.029  0.0000000000
27161  20.733  -62.311  -50.489  0.0000000000
27162  20.114  -62.267  -50.533  0.0000000000
27163  19.339  -62.261  -50.539  0.0000000000
27164  18.518  -62.273  -50.504  0.0000000000
27165  17.749  -62.217  -50.489  0.0000000000
27166  17.107  -61.964  -50.499  0.0000000000
27167  16.492  -61.907  -50.564  0.0000000000
27168  15.832  -61.788  -50.497  0.0000000000
27169  15.110  -61.616  -50.424  0.0000000000
28654  0.000  0.000  0.000  0.0000000000
28655  0.000  0.000  0.000  0.0000000000
28669  0.000  0.000  0.000  0.0000000000
28670  0.000  0.000  0.000  0.0000000000
28671  0.000  0.000  0.000  0.0000000000
28690  0.000  0.000  0.000  0.0000000000
28691  0.000  0.000  0.000  0.0000000000
28692  0.000  0.000  0.000  0.0000000000
28693  0.000  0.000  0.000  0.0000000000
28694  0.000  0.000  0.000  0.0000000000
28695  0.000  0.000  0.000  0.0000000000
28696  0.000  0.000  0.000  0.0000000000
28711  0.000  0.000  0.000  0.0000000000
28712  0.000  0.000  0.000  0.0000000000
28713  0.000  0.000  0.000  0.0000000000
28714  0.000  0.000  0.000  0.0000000000
28715  0.000  0.000  0.000  0.0000000000
28716  1.657  -67.679  -73.599  0.0000000000
28717  0.000  0.000  0.000  0.0000000000
28718  0.000  0.000  0.000  0.0000000000
28719  0.000  0.000  0.000  0.0000000000
28720  0.000  0.000  0.000  0.0000000000
28733  0.000  0.000  0.000  0.0000000000
28734  0.000  0.000  0.000  0.0000000000
28735  0.000  0.000  0.000  0.0000000000
28736  0.000  0.000  0.000  0.0000000000
28737  1.029  -67.167  -74.078  0.0000000000
28738  0.000  0.000  0.000  0.0000000000
28739  0.000  0.000  0.000  0.0000000000
28740  0.000  0.000  0.000  0.0000000000
28741  0.000  0.000  0.000  0.0000000000
28755  0.000  0.000  0.000  0.0000000000
28756  0.000  0.000  0.000  0.0000000000
28757  22.095  -61.238  -42.237  0.0000000000
28758  0.000  0.000  0.000  0.0000000000
28759  0.000  0.000  0.000  0.0000000000
28760  0.000  0.000  0.000  0.0000000000
28761  0.000  0.000  0.000  0.0000000000
28762  0.000  0.000  0.000  0.0000000000
28777  22.580  -60.929  -43.222  0.0000000000
28778  22.277  -61.207  -42.889  0.0000000000
28779  0.000  0.000  0.000  0.0000000000
28780  0.000  0.000  0.000  0.0000000000
28781  0.000  0.000  0.000  0.0000000000
28782  0.000  0.000  0.000  0.0000000000
28796  23.204  -61.094  -43.996  0.0000000000
28797  22.846  -61.269  -43.691  0.0000000000
28798  22.431  -61.335  -43.292  0.0000000000
28799  0.000  0.000  0.000  0.0000000000
28800  0.000  0.000  0.000  0.0000000000
28801  0.000  0.000  0.000  0.0000000000
28802  0.000  0.000  0.000  0.0000000000
28811  23.404  -61.268  -44.445  0.0000000000
28812  23.132  -61.378  -44.080  0.0000000000
28813  0.000  0.000  0.000  0.0000000000
28814  0.000  0.000  0.000  0.0000000000
28820  24.135  -60.869  -45.360  0.0000000000
28821  23.830  -61.215  -45.216  0.0000000000
28830  24.911  -60.855  -46.085  0.0000000000
28831  24.378  -61.208  -45.875  0.0000000000
28832  23.943  -61.450  -45.687  0.0000000000
28849  25.696  -61.030  -46.903  0.0000000000
28850  25.157  -61.171  -46.540  0.0000000000
28851  24.696  -61.663  -46.458  0.0000000000
28863  25.902  -61.090  -47.405  0.0000000000
28864  22.650  -60.834  -47.966  0.0000000000
28865  22.180  -60.893  -47.907  0.0000000000
28866  21.396  -60.939  -47.861  0.0000000000
28867  20.639  -60.901  -47.871  0.0000000000
28868  20.050  -60.817  -47.949  0.0000000000
28882  25.820  -61.122  -47.967  0.0000000000
28883  25.354  -61.154  -48.270  0.0000000000
28884  24.499  -61.261  -48.535  0.0000000000
28885  23.600  -61.044  -48.556  0.0000000000
28886  22.711  -61.022  -48.400  0.0000000000
28887  21.771  -61.135  -48.465  0.0000000000
28888  20.939  -61.135  -48.465  0.0000000000
28889  20.182  -61.101  -48.471  0.0000000000
28890  19.494  -60.903  -48.458  0.0000000000
28891  18.969  -60.743  -48.583  0.0000000000
28911  24.226  -61.630  -48.852  0.0000000000
28912  23.809  -61.507  -48.940  0.0000000000
28913  23.036  -61.429  -49.010  0.0000000000
28914  22.089  -61.403  -49.175  0.0000000000
28915  21.213  -61.291  -49.135  0.0000000000
28916  20.400  -61.265  -49.135  0.0000000000
28917  19.606  -61.211  -49.135  0.0000000000
28918  18.716  -60.981  -49.140  0.0000000000
28919  17.814  -60.897  -49.491  0.0000000000
28920  17.346  -60.784  -49.643  0.0000000000
28927  21.886  -61.601  -49.599  0.0000000000
28928  21.457  -61.565  -49.664  0.0000000000
28929  20.712  -61.494  -49.735  0.0000000000
28930  19.927  -61.461  -49.739  0.0000000000
28931  19.114  -61.436  -49.739  0.0000000000
28932  18.249  -61.380  -49.814  0.0000000000
28933  17.167  -61.240  -50.096  0.0000000000
28934  16.136  -60.935  -50.284  0.0000000000
28935  15.679  -60.834  -50.366  0.0000000000
28936  14.555  -61.374  -50.340  0.0000000000
28937  14.000  -61.171  -50.059  0.0000000000
28945  16.819  -61.620  -50.513  0.0000000000
28946  16.358  -61.435  -50.484  0.0000000000
28947  15.552  -61.149  -50.501  0.0000000000
28948  14.795  -61.091  -50.524  0.0000000000
28949  14.298  -60.959  -50.387  0.0000000000
30271  0.000  0.000  0.000  0.0000000000
30272  0.000  0.000  0.000  0.0000000000
30273  0.000  0.000  0.000  0.0000000000
30274  0.000  0.000  0.000  0.0000000000
30275  0.000  0.000  0.000  0.0000000000
30285  0.000  0.000  0.000  0.0000000000
30286  0.000  0.000  0.000  0.0000000000
30287  0.000  0.000  0.000  0.0000000000
30288  0.000  0.000  0.000  0.0000000000
30289  0.000  0.000  0.000  0.0000000000
30290  0.000  0.000  0.000  0.0000000000
30306  0.000  0.000  0.000  0.0000000000
30307  0.000  0.000  0.000  0.0000000000
30308  0.000  0.000  0.000  0.0000000000
30309  0.000  0.000  0.000  0.0000000000
30310  0.000  0.000  0.000  0.0000000000
30311  0.000  0.000  0.000  0.0000000000
30312  0.000  0.000  0.000  0.0000000000
30313  0.000  0.000  0.000  0.0000000000
30314  0.000  0.000  0.000  0.0000000000
30334  0.000  0.000  0.000  0.0000000000
30335  0.000  0.000  0.000  0.0000000000
30336  0.000  0.000  0.000  0.0000000000
30337  0.000  0.000  0.000  0.0000000000
30338  0.000  0.000  0.000  0.0000000000
30339  0.000  0.000  0.000  0.0000000000
30340  0.000  0.000  0.000  0.0000000000
30341  0.000  0.000  0.000  0.0000000000
30342  0.000  0.000  0.000  0.0000000000
30343  0.000  0.000  0.000  0.0000000000
30360  0.000  0.000  0.000  0.0000000000
30361  0.000  0.000  0.000  0.0000000000
30362  0.000  0.000  0.000  0.0000000000
30363  0.000  0.000  0.000  0.0000000000
30364  0.000  0.000  0.000  0.0000000000
30365  0.000  0.000  0.000  0.0000000000
30366  0.000  0.000  0.000  0.0000000000
30367  0.000  0.000  0.000  0.0000000000
30386  0.000  0.000  0.000  0.0000000000
30387  0.000  0.000  0.000  0.0000000000
30388  1.564  -66.859  -74.347  0.0000000000
30389  0.000  0.000  0.000  0.0000000000
30390  0.000  0.000  0.000  0.0000000000
30391  0.000  0.000  0.000  0.0000000000
30411  22.529  -60.120  -42.357  0.0000000000
30412  22.212  -60.428  -41.870  0.0000000000
30413  0.000  0.000  0.000  0.0000000000
30414  0.000  0.000  0.000  0.0000000000
30415  0.000  0.000  0.000  0.0000000000
30416  0.000  0.000  0.000  0.0000000000
30431  22.645  -60.397  -42.896  0.0000000000
30432  22.300  -60.667  -42.455  0.0000000000
30433  0.000  0.000  0.000  0.0000000000
30434  0.000  0.000  0.000  0.0000000000
30435  0.000  0.000  0.000  0.0000000000
30436  0.000  0.000  0.000  0.0000000000
30450  23.377  -60.554  -43.922  0.0000000000
30451  22.978  -60.433  -43.408  0.0000000000
30452  0.000  0.000  0.000  0.0000000000
30453  0.000  0.000  0.000  0.0000000000
30454  0.000  0.000  0.000  0.0000000000
30455  0.000  0.000  0.000  0.0000000000
30456  0.000  0.000  0.000  0.0000000000
30457  0.000  0.000  0.000  0.0000000000
30468  24.218  -60.187  -44.788  0.0000000000
30469  23.828  -60.464  -44.529  0.0000000000
30470  0.000  0.000  0.000  0.0000000000
30471  0.000  0.000  0.000  0.0000000000
30472  0.000  0.000  0.000  0.0000000000
30473  0.000  0.000  0.000  0.0000000000
30474  0.000  0.000  0.000  0.0000000000
30475  0.000  0.000  0.000  0.0000000000
30476  0.000  0.000  0.000  0.0000000000
30483  24.930  -60.260  -45.563  0.0000000000
30484  24.489  -60.419  -45.294  0.0000000000
30485  24.047  -60.613  -45.029  0.0000000000
30486  0.000  0.000  0.000  0.0000000000
30487  0.000  0.000  0.000  0.0000000000
30488  0.000  0.000  0.000  0.0000000000
30489  0.000  0.000  0.000  0.0000000000
30490  0.000  0.000  0.000  0.0000000000
30491  0.000  0.000  0.000  0.0000000000
30495  25.763  -60.155  -46.268  0.0000000000
30496  25.351  -60.345  -46.060  0.0000000000
30497  24.787  -60.619  -45.784  0.0000000000
30498  22.583  -60.055  -46.332  0.0000000000
30499  22.243  -60.051  -46.342  0.0000000000
30500  21.654  -60.017  -46.394  0.0000000000
30501  0.000  0.000  0.000  0.0000000000
30502  0.000  0.000  0.000  0.0000000000
30503  0.000  0.000  0.000  0.0000000000
30504  0.000  0.000  0.000  0.0000000000
30505  0.000  0.000  0.000  0.0000000000
30517  26.456  -60.089  -46.994  0.0000000000
30518  26.048  -60.316  -46.781  0.0000000000
30519  25.573  -60.729  -46.596  0.0000000000
30520  23.368  -60.074  -47.032  0.0000000000
30521  22.875  -60.110  -46.762  0.0000000000
30522  22.070  -60.324  -46.827  0.0000000000
30523  21.293  -60.205  -46.823  0.0000000000
30524  20.805  -60.147  -47.028  0.0000000000
30525  0.000  0.000  0.000  0.0000000000
30526  0.000  0.000  0.000  0.0000000000
30544  26.413  -60.059  -47.194  0.0000000000
30545  26.092  -60.358  -47.582  0.0000000000
30546  25.049  -60.024  -47.934  0.0000000000
30547  24.560  -60.108  -47.835  0.0000000000
30548  23.656  -60.178  -47.467  0.0000000000
30549  22.694  -60.570  -47.557  0.0000000000
30550  21.773  -60.625  -47.371  0.0000000000
30551  21.029  -60.562  -47.381  0.0000000000
30552  20.379  -60.333  -47.463  0.0000000000
30553  19.672  -60.342  -47.852  0.0000000000
30554  19.214  -60.170  -47.981  0.0000000000
30568  25.700  -60.446  -48.094  0.0000000000
30569  25.087  -60.430  -48.170  0.0000000000
30570  24.150  -60.594  -48.160  0.0000000000
30571  23.315  -60.673  -48.082  0.0000000000
30572  22.879  -60.766  -48.034  0.0000000000
30573  19.244  -60.550  -48.194  0.0000000000
30574  18.861  -60.277  -48.353  0.0000000000
30575  18.437  -60.155  -48.664  0.0000000000
30592  18.585  -60.539  -48.776  0.0000000000
30593  18.058  -60.327  -49.092  0.0000000000
30594  17.490  -60.355  -49.466  0.0000000000
30608  17.052  -60.364  -49.789  0.0000000000
30609  16.387  -60.377  -50.035  0.0000000000
30610  15.527  -60.375  -50.223  0.0000000000
30611  14.667  -60.210  -50.244  0.0000000000
30612  13.999  -60.371  -50.170  0.0000000000
30621  15.450  -60.766  -50.434  0.0000000000
30622  15.021  -60.696  -50.471  0.0000000000
30623  14.475  -60.648  -50.437  0.0000000000
31879  0.000  0.000  0.000  0.0000000000
31880  0.000  0.000  0.000  0.0000000000
31881  0.000  0.000  0.000  0.0000000000
31882  0.000  0.000  0.000  0.0000000000
31900  0.000  0.000  0.000  0.0000000000
31901  0.000  0.000  0.000  0.0000000000
31902  0.000  0.000  0.000  0.0000000000
31903  0.000  0.000  0.000  0.0000000000
31904  0.000  0.000  0.000  0.0000000000
31905  0.000  0.000  0.000  0.0000000000
31927  0.000  0.000  0.000  0.0000000000
31928  0.000  0.000  0.000  0.0000000000
31929  0.000  0.000  0.000  0.0000000000
31930  0.000  0.000  0.000  0.0000000000
31952  0.000  0.000  0.000  0.0000000000
31953  0.000  0.000  0.000  0.0000000000
31954  0.000  0.000  0.000  0.0000000000
31955  0.000  0.000  0.000  0.0000000000
31956  0.000  0.000  0.000  0.0000000000
31957  0.000  0.000  0.000  0.0000000000
31958  0.000  0.000  0.000  0.0000000000
31980  0.000  0.000  0.000  0.0000000000
31981  0.000  0.000  0.000  0.0000000000
31982  0.000  0.000  0.000  0.0000000000
31983  0.000  0.000  0.000  0.0000000000
31984  0.000  0.000  0.000  0.0000000000
31985  0.000  0.000  0.000  0.0000000000
31986  0.000  0.000  0.000  0.0000000000
32004  0.000  0.000  0.000  0.0000000000
32005  0.000  0.000  0.000  0.0000000000
32006  2.084  -66.762  -74.421  0.0000000000
32007  0.000  0.000  0.000  0.0000000000
32008  0.000  0.000  0.000  0.0000000000
32027  1.583  -65.983  -75.125  0.0000000000
32028  1.710  -66.263  -74.875  0.0000000000
32029  0.000  0.000  0.000  0.0000000000
32030  0.000  0.000  0.000  0.0000000000
32050  1.164  -65.875  -75.227  0.0000000000
32051  1.340  -66.378  -74.780  0.0000000000
32052  0.000  0.000  0.000  0.0000000000
32065  23.332  -59.350  -43.032  0.0000000000
32066  22.993  -59.525  -42.722  0.0000000000
32067  0.000  0.000  0.000  0.0000000000
32068  0.000  0.000  0.000  0.0000000000
32080  24.000  -59.223  -43.796  0.0000000000
32081  23.523  -59.632  -43.483  0.0000000000
32082  23.031  -59.968  -43.160  0.0000000000
32083  0.000  0.000  0.000  0.0000000000
32096  24.801  -59.236  -44.611  0.0000000000
32097  24.279  -59.585  -44.346  0.0000000000
32098  23.763  -60.004  -44.067  0.0000000000
32099  0.000  0.000  0.000  0.0000000000
32100  0.000  0.000  0.000  0.0000000000
32110  25.734  -59.231  -45.451  0.0000000000
32111  25.088  -59.652  -45.240  0.0000000000
32112  24.529  -59.944  -44.899  0.0000000000
32113  0.000  0.000  0.000  0.0000000000
32114  0.000  0.000  0.000  0.0000000000
32115  0.000  0.000  0.000  0.0000000000
32123  26.438  -59.299  -46.339  0.0000000000
32124  25.844  -59.745  -46.002  0.0000000000
32125  25.430  -59.888  -45.768  0.0000000000
32126  23.216  -59.269  -46.384  0.0000000000
32127  22.587  -59.604  -46.239  0.0000000000
32128  21.778  -59.542  -46.134  0.0000000000
32129  21.060  -59.548  -46.379  0.0000000000
32130  20.638  -59.216  -46.501  0.0000000000
32131  0.000  0.000  0.000  0.0000000000
32132  0.000  0.000  0.000  0.0000000000
32133  0.000  0.000  0.000  0.0000000000
32134  0.000  0.000  0.000  0.0000000000
32135  0.000  0.000  0.000  0.0000000000
32136  0.000  0.000  0.000  0.0000000000
32143  26.492  -59.619  -46.940  0.0000000000
32144  26.261  -59.760  -46.520  0.0000000000
32145  24.090  -59.338  -47.077  0.0000000000
32146  23.517  -59.707  -46.883  0.0000000000
32147  23.078  -59.729  -46.522  0.0000000000
32148  20.916  -59.891  -46.732  0.0000000000
32149  20.535  -59.570  -46.951  0.0000000000
32150  0.000  0.000  0.000  0.0000000000
32151  0.000  0.000  0.000  0.0000000000
32152  0.000  0.000  0.000  0.0000000000
32153  0.000  0.000  0.000  0.0000000000
32154  0.000  0.000  0.000  0.0000000000
32155  0.000  0.000  0.000  0.0000000000
32156  0.000  0.000  0.000  0.0000000000
32168  26.315  -59.575  -47.457  0.0000000000
32169  25.746  -59.678  -47.806  0.0000000000
32170  25.038  -59.636  -47.693  0.0000000000
32171  24.331  -59.687  -47.459  0.0000000000
32172  23.891  -59.734  -47.263  0.0000000000
32173  20.028  -59.646  -47.556  0.0000000000
32174  19.430  -59.606  -47.979  0.0000000000
32175  19.022  -59.911  -48.085  0.0000000000
32176  0.000  0.000  0.000  0.0000000000
32177  0.000  0.000  0.000  0.0000000000
32178  0.000  0.000  0.000  0.0000000000
32179  0.000  0.000  0.000  0.0000000000
32180  0.000  0.000  0.000  0.0000000000
32181  0.000  0.000  0.000  0.0000000000
32182  13.584  -59.362  -47.170  0.0000000000
32195  25.570  -60.037  -48.100  0.0000000000
32196  25.353  -59.911  -47.991  0.0000000000
32197  19.230  -59.280  -48.308  0.0000000000
32198  18.755  -59.596  -48.548  0.0000000000
32199  18.257  -59.913  -48.816  0.0000000000
32211  18.502  -59.285  -49.059  0.0000000000
32212  18.050  -59.628  -49.197  0.0000000000
32213  17.665  -59.966  -49.349  0.0000000000
32224  17.912  -59.285  -49.611  0.0000000000
32225  17.441  -59.600  -49.675  0.0000000000
32226  16.687  -59.600  -49.929  0.0000000000
32227  15.914  -59.600  -50.025  0.0000000000
32228  15.081  -59.567  -50.058  0.0000000000
32229  14.268  -59.556  -50.027  0.0000000000
32230  13.474  -59.621  -49.909  0.0000000000
33509  0.000  0.000  0.000  0.0000000000
33510  0.000  0.000  0.000  0.0000000000
33511  0.000  0.000  0.000  0.0000000000
33512  0.000  0.000  0.000  0.0000000000
33513  0.000  0.000  0.000  0.0000000000
33542  0.000  0.000  0.000  0.0000000000
33543  0.000  0.000  0.000  0.0000000000
33544  0.000  0.000  0.000  0.0000000000
33566  0.000  0.000  0.000  0.0000000000
33567  0.000  0.000  0.000  0.0000000000
33568  0.000  0.000  0.000  0.0000000000
33569  0.000  0.000  0.000  0.0000000000
33570  0.000  0.000  0.000  0.0000000000
33586  0.000  0.000  0.000  0.0000000000
33587  0.000  0.000  0.000  0.0000000000
33588  0.000  0.000  0.000  0.0000000000
33589  0.000  0.000  0.000  0.0000000000
33590  0.000  0.000  0.000  0.0000000000
33591  0.000  0.000  0.000  0.0000000000
33608  0.000  0.000  0.000  0.0000000000
33609  2.811  -66.646  -74.501  0.0000000000
33610  0.000  0.000  0.000  0.0000000000
33611  0.000  0.000  0.000  0.0000000000
33623  2.785  -66.187  -74.910  0.0000000000
33624  2.206  -66.366  -74.770  0.0000000000
33625  0.000  0.000  0.000  0.0000000000
33626  0.000  0.000  0.000  0.0000000000
33638  1.911  -65.812  -75.267  0.0000000000
33639  1.910  -66.123  -74.994  0.0000000000
33640  0.000  0.000  0.000  0.0000000000
33641  0.000  0.000  0.000  0.0000000000
33659  1.089  -64.486  -76.422  0.0000000000
33660  1.158  -65.111  -75.889  0.0000000000
33661  0.000  0.000  0.000  0.0000000000
33676  23.416  -58.899  -42.849  0.0000000000
33677  23.094  -59.050  -42.572  0.0000000000
33678  0.000  0.000  0.000  0.0000000000
33679  0.000  0.000  0.000  0.0000000000
33690  24.278  -58.767  -43.829  0.0000000000
33691  23.829  -58.956  -43.465  0.0000000000
33692  0.000  0.000  0.000  0.0000000000
33693  0.000  0.000  0.000  0.0000000000
33705  25.079  -58.775  -44.638  0.0000000000
33706  24.636  -58.926  -44.302  0.0000000000
33707  0.000  0.000  0.000  0.0000000000
33718  26.472  -58.405  -45.599  0.0000000000
33719  25.947  -58.680  -45.286  0.0000000000
33720  25.460  -58.921  -45.101  0.0000000000
33721  0.000  0.000  0.000  0.0000000000
33728  26.687  -58.620  -46.165  0.0000000000
33729  26.200  -59.027  -45.777  0.0000000000
33730  23.363  -58.510  -46.237  0.0000000000
33731  22.733  -58.747  -46.039  0.0000000000
33732  21.971  -58.841  -45.954  0.0000000000
33733  21.238  -58.800  -46.058  0.0000000000
33734  20.708  -58.754  -46.329  0.0000000000
33735  0.000  0.000  0.000  0.0000000000
33736  0.000  0.000  0.000  0.0000000000
33740  26.689  -58.747  -46.795  0.0000000000
33741  24.905  -58.457  -47.128  0.0000000000
33742  24.324  -58.653  -46.909  0.0000000000
33743  23.740  -58.940  -46.660  0.0000000000
33744  20.456  -58.754  -46.838  0.0000000000
33745  0.000  0.000  0.000  0.0000000000
33746  12.880  -59.092  -47.198  0.0000000000
33748  26.481  -58.813  -47.299  0.0000000000
33749  25.980  -58.816  -47.535  0.0000000000
33750  25.315  -58.931  -47.484  0.0000000000
33751  24.649  -59.110  -47.304  0.0000000000
33752  20.173  -58.800  -47.648  0.0000000000
33753  19.844  -59.184  -47.840  0.0000000000
33754  0.000  0.000  0.000  0.0000000000
33755  0.000  0.000  0.000  0.0000000000
33756  16.458  -58.971  -47.821  0.0000000000
33757  15.629  -59.019  -47.845  0.0000000000
33758  14.849  -59.012  -47.812  0.0000000000
33759  14.061  -59.005  -47.782  0.0000000000
33760  13.248  -59.064  -47.579  0.0000000000
33761  12.459  -59.083  -47.553  0.0000000000
33767  20.040  -58.469  -48.239  0.0000000000
33768  19.600  -58.814  -48.408  0.0000000000
33769  19.137  -59.120  -48.543  0.0000000000
33770  17.071  -58.370  -48.006  0.0000000000
33771  16.631  -58.500  -48.133  0.0000000000
33772  15.787  -58.571  -48.395  0.0000000000
33773  14.987  -58.685  -48.291  0.0000000000
33774  14.268  -58.649  -48.244  0.0000000000
33775  13.525  -58.640  -48.356  0.0000000000
33776  12.733  -58.863  -48.359  0.0000000000
33782  19.390  -58.572  -48.866  0.0000000000
33783  18.979  -58.797  -49.011  0.0000000000
33784  18.308  -59.062  -49.429  0.0000000000
33785  15.548  -58.405  -48.847  0.0000000000
33786  15.160  -58.421  -48.799  0.0000000000
33787  13.730  -58.530  -49.390  0.0000000000
33788  13.311  -58.606  -49.111  0.0000000000
33789  12.427  -59.145  -49.164  0.0000000000
33794  18.573  -58.546  -49.547  0.0000000000
33795  17.983  -58.770  -49.778  0.0000000000
33796  17.258  -58.800  -49.948  0.0000000000
33797  16.454  -58.789  -49.966  0.0000000000
33798  15.621  -58.821  -49.933  0.0000000000
33799  14.789  -58.854  -49.900  0.0000000000
33800  13.912  -58.758  -49.690  0.0000000000
33801  13.027  -59.078  -49.638  0.0000000000
35217  0.000  0.000  0.000  0.0000000000
35218  0.000  0.000  0.000  0.0000000000
35219  0.000  0.000  0.000  0.0000000000
35220  0.000  0.000  0.000  0.0000000000
35221  0.000  0.000  0.000  0.0000000000
35237  0.000  0.000  0.000  0.0000000000
35238  0.000  0.000  0.000  0.0000000000
35239  0.000  0.000  0.000  0.0000000000
35249  0.000  0.000  0.000  0.0000000000
35250  0.000  0.000  0.000  0.0000000000
35251  0.000  0.000  0.000  0.0000000000
35252  0.000  0.000  0.000  0.0000000000
35253  0.000  0.000  0.000  0.0000000000
35261  0.000  0.000  0.000  0.0000000000
35262  0.000  0.000  0.000  0.0000000000
35263  0.000  0.000  0.000  0.0000000000
35277  3.440  -66.016  -75.034  0.0000000000
35278  0.000  0.000  0.000  0.0000000000
35289  2.713  -65.555  -75.466  0.0000000000
35290  0.000  0.000  0.000  0.0000000000
35300  2.046  -65.088  -75.890  0.0000000000
35301  0.000  0.000  0.000  0.0000000000
35302  0.000  0.000  0.000  0.0000000000
35316  1.430  -64.131  -76.715  0.0000000000
35317  1.554  -64.655  -76.271  0.0000000000
35318  0.000  0.000  0.000  0.0000000000
35319  0.000  0.000  0.000  0.0000000000
35331  24.140  -57.683  -43.107  0.0000000000
35332  23.668  -58.067  -42.723  0.0000000000
35333  0.000  0.000  0.000  0.0000000000
35345  24.924  -57.667  -43.924  0.0000000000
35346  24.414  -58.000  -43.614  0.0000000000
35347  23.934  -58.375  -43.276  0.0000000000
35348  0.000  0.000  0.000  0.0000000000
35349  0.000  0.000  0.000  0.0000000000
35360  25.783  -57.693  -44.659  0.0000000000
35361  25.214  -58.000  -44.414  0.0000000000
35362  24.724  -58.333  -44.124  0.0000000000
35363  0.000  0.000  0.000  0.0000000000
35364  0.000  0.000  0.000  0.0000000000
35375  26.665  -57.771  -45.485  0.0000000000
35376  26.160  -57.960  -45.115  0.0000000000
35377  25.565  -58.331  -44.883  0.0000000000
35378  22.373  -57.685  -45.498  0.0000000000
35379  21.936  -57.668  -45.437  0.0000000000
35380  21.657  -57.815  -45.551  0.0000000000
35381  0.000  0.000  0.000  0.0000000000
35382  0.000  0.000  0.000  0.0000000000
35383  27.293  -57.740  -46.207  0.0000000000
35384  26.998  -57.897  -46.039  0.0000000000
35385  23.467  -57.953  -46.197  0.0000000000
35386  22.940  -57.867  -45.873  0.0000000000
35387  22.121  -58.127  -45.705  0.0000000000
35388  21.417  -58.017  -45.788  0.0000000000
35389  20.839  -58.000  -46.102  0.0000000000
35390  0.000  0.000  0.000  0.0000000000
35391  0.000  0.000  0.000  0.0000000000
35392  27.257  -57.694  -46.350  0.0000000000
35393  26.996  -57.952  -46.609  0.0000000000
35394  24.993  -57.977  -47.053  0.0000000000
35395  24.567  -57.956  -46.848  0.0000000000
35396  23.913  -58.010  -46.512  0.0000000000
35397  20.514  -58.000  -46.588  0.0000000000
35398  0.000  0.000  0.000  0.0000000000
35399  26.698  -58.000  -47.161  0.0000000000
35400  26.218  -58.000  -47.448  0.0000000000
35401  25.479  -57.975  -47.347  0.0000000000
35402  20.360  -58.000  -47.290  0.0000000000
35403  0.000  0.000  0.000  0.0000000000
35404  0.000  0.000  0.000  0.0000000000
35405  20.242  -57.960  -48.121  0.0000000000
35406  19.952  -58.228  -48.555  0.0000000000
35407  17.019  -57.988  -48.179  0.0000000000
35408  16.449  -58.012  -48.539  0.0000000000
35409  15.861  -58.223  -48.809  0.0000000000
35410  14.603  -58.407  -48.635  0.0000000000
35411  14.050  -58.344  -48.721  0.0000000000
35412  13.578  -58.349  -48.855  0.0000000000
35413  20.101  -57.748  -48.677  0.0000000000
35414  19.610  -58.077  -48.948  0.0000000000
35415  19.028  -57.975  -49.352  0.0000000000
35416  16.236  -57.865  -49.080  0.0000000000
35417  15.589  -58.178  -49.193  0.0000000000
35418  14.742  -58.260  -49.184  0.0000000000
35419  13.936  -58.334  -49.276  0.0000000000
35420  13.517  -58.317  -49.050  0.0000000000
35421  18.490  -58.000  -49.690  0.0000000000
35422  17.878  -58.071  -49.882  0.0000000000
35423  17.123  -58.054  -49.900  0.0000000000
35424  16.286  -57.998  -49.680  0.0000000000
35425  15.295  -58.325  -49.686  0.0000000000
35426  14.512  -58.360  -49.655  0.0000000000
35427  14.153  -58.347  -49.653  0.0000000000
36898  0.000  0.000  0.000  0.0000000000
36917  0.000  0.000  0.000  0.0000000000
36918  0.000  0.000  0.000  0.0000000000
36934  0.000  0.000  0.000  0.0000000000
36935  0.000  0.000  0.000  0.0000000000
36936  0.000  0.000  0.000  0.0000000000
36937  0.000  0.000  0.000  0.0000000000
36945  0.000  0.000  0.000  0.0000000000
36946  0.000  0.000  0.000  0.0000000000
36960  3.994  -65.742  -75.246  0.0000000000
36961  0.000  0.000  0.000  0.0000000000
36967  3.342  -65.289  -75.672  0.0000000000
36968  0.000  0.000  0.000  0.0000000000
36973  2.561  -64.218  -76.613  0.0000000000
36974  2.677  -64.842  -76.081  0.0000000000
36975  0.000  0.000  0.000  0.0000000000
36982  1.960  -63.843  -76.943  0.0000000000
36983  2.024  -64.463  -76.422  0.0000000000
36984  0.000  0.000  0.000  0.0000000000
36985  0.000  0.000  0.000  0.0000000000
36993  24.276  -57.026  -43.074  0.0000000000
36994  23.841  -57.229  -42.659  0.0000000000
36995  0.000  0.000  0.000  0.0000000000
37006  25.076  -57.026  -43.874  0.0000000000
37007  24.610  -57.198  -43.507  0.0000000000
37008  0.000  0.000  0.000  0.0000000000
37021  26.399  -57.118  -44.760  0.0000000000
37022  26.079  -57.121  -44.606  0.0000000000
37023  25.474  -57.196  -44.296  0.0000000000
37024  0.000  0.000  0.000  0.0000000000
37025  0.000  0.000  0.000  0.0000000000
37039  26.559  -57.234  -45.103  0.0000000000
37040  26.220  -57.408  -44.830  0.0000000000
37041  22.697  -57.272  -45.528  0.0000000000
37042  22.220  -57.169  -45.358  0.0000000000
37043  21.602  -57.259  -45.457  0.0000000000
37044  0.000  0.000  0.000  0.0000000000
37045  0.000  0.000  0.000  0.0000000000
37051  27.272  -57.392  -46.146  0.0000000000
37052  26.974  -57.134  -45.686  0.0000000000
37053  24.100  -56.975  -46.325  0.0000000000
37054  23.702  -57.258  -46.201  0.0000000000
37055  23.106  -56.997  -45.766  0.0000000000
37056  21.082  -57.214  -45.806  0.0000000000
37057  20.687  -57.238  -46.255  0.0000000000
37058  0.000  0.000  0.000  0.0000000000
37059  27.262  -57.206  -46.489  0.0000000000
37060  27.008  -57.200  -46.933  0.0000000000
37061  24.979  -57.431  -47.022  0.0000000000
37062  24.333  -57.150  -46.603  0.0000000000
37063  23.917  -57.450  -46.483  0.0000000000
37064  20.499  -57.238  -46.839  0.0000000000
37065  0.000  0.000  0.000  0.0000000000
37066  26.578  -57.186  -47.327  0.0000000000
37067  25.995  -57.153  -47.468  0.0000000000
37068  25.428  -56.986  -47.353  0.0000000000
37069  20.414  -57.186  -47.567  0.0000000000
37070  0.000  0.000  0.000  0.0000000000
37071  17.440  -57.506  -48.029  0.0000000000
37072  20.315  -57.148  -48.329  0.0000000000
37073  17.776  -56.987  -48.233  0.0000000000
37074  17.220  -57.433  -48.558  0.0000000000
37075  16.711  -57.544  -48.900  0.0000000000
37076  20.052  -57.175  -48.873  0.0000000000
37077  19.533  -57.213  -49.187  0.0000000000
37078  18.830  -57.218  -49.367  0.0000000000
37079  18.044  -57.022  -49.038  0.0000000000
37080  17.217  -57.330  -49.227  0.0000000000
37081  16.651  -57.516  -49.390  0.0000000000
37082  18.287  -57.509  -49.633  0.0000000000
37083  17.660  -57.498  -49.657  0.0000000000
37084  16.956  -57.544  -49.676  0.0000000000
37085  16.630  -57.544  -49.690  0.0000000000
38647  0.000  0.000  0.000  0.0000000000
38667  0.000  0.000  0.000  0.0000000000
38678  0.000  0.000  0.000  0.0000000000
38679  0.000  0.000  0.000  0.0000000000
38680  0.000  0.000  0.000  0.0000000000
38694  4.415  -65.513  -75.423  0.0000000000
38695  0.000  0.000  0.000  0.0000000000
38696  0.000  0.000  0.000  0.0000000000
38704  3.934  -65.029  -75.866  0.0000000000
38705  0.000  0.000  0.000  0.0000000000
38711  2.929  -64.054  -76.737  0.0000000000
38712  3.291  -64.470  -76.373  0.0000000000
38713  0.000  0.000  0.000  0.0000000000
38721  2.588  -63.658  -77.077  0.0000000000
38722  0.000  0.000  0.000  0.0000000000
38723  0.000  0.000  0.000  0.0000000000
38733  1.364  -62.821  -77.792  0.0000000000
38734  1.990  -63.143  -77.517  0.0000000000
38735  0.000  0.000  0.000  0.0000000000
38736  0.000  0.000  0.000  0.0000000000
38742  0.220  -61.911  -78.530  0.0000000000
38743  0.910  -62.258  -78.250  0.0000000000
38744  0.000  0.000  0.000  0.0000000000
38754  26.409  -56.838  -44.812  0.0000000000
38755  26.021  -56.508  -44.613  0.0000000000
38756  25.366  -56.312  -44.159  0.0000000000
38757  0.000  0.000  0.000  0.0000000000
38770  27.113  -56.012  -45.451  0.0000000000
38771  26.702  -56.416  -45.233  0.0000000000
38772  26.177  -56.063  -44.897  0.0000000000
38773  23.373  -56.039  -45.583  0.0000000000
38774  22.863  -56.456  -45.482  0.0000000000
38775  22.054  -56.426  -45.296  0.0000000000
38776  21.427  -56.414  -45.492  0.0000000000
38777  0.000  0.000  0.000  0.0000000000
38790  27.248  -56.479  -45.915  0.0000000000
38791  27.022  -56.645  -45.673  0.0000000000
38792  24.151  -56.475  -46.315  0.0000000000
38793  23.508  -56.394  -45.870  0.0000000000
38794  23.105  -56.613  -45.708  0.0000000000
38795  21.018  -56.400  -45.987  0.0000000000
38796  20.705  -56.667  -46.438  0.0000000000
38797  0.000  0.000  0.000  0.0000000000
38798  0.000  0.000  0.000  0.0000000000
38808  27.288  -56.411  -46.576  0.0000000000
38809  26.953  -56.386  -47.033  0.0000000000
38810  25.009  -56.502  -47.067  0.0000000000
38811  24.603  -56.270  -46.693  0.0000000000
38812  20.876  -56.133  -46.419  0.0000000000
38813  20.596  -56.387  -46.954  0.0000000000
38814  0.000  0.000  0.000  0.0000000000
38815  0.000  0.000  0.000  0.0000000000
38821  26.415  -56.271  -47.401  0.0000000000
38822  25.784  -56.386  -47.483  0.0000000000
38823  25.398  -56.420  -47.377  0.0000000000
38824  20.406  -56.271  -47.813  0.0000000000
38825  0.000  0.000  0.000  0.0000000000
38829  20.257  -56.431  -48.581  0.0000000000
38830  18.515  -56.111  -48.671  0.0000000000
38831  18.135  -56.452  -48.480  0.0000000000
38832  19.953  -56.478  -48.991  0.0000000000
38833  19.369  -56.498  -49.114  0.0000000000
38834  18.708  -56.519  -49.041  0.0000000000
38835  18.331  -56.521  -48.869  0.0000000000
40461  5.506  -65.490  -75.370  0.0000000000
40462  0.000  0.000  0.000  0.0000000000
40478  4.737  -65.045  -75.807  0.0000000000
40479  0.000  0.000  0.000  0.0000000000
40480  0.000  0.000  0.000  0.0000000000
40495  3.760  -63.986  -76.757  0.0000000000
40496  4.050  -64.297  -76.482  0.0000000000
40497  0.000  0.000  0.000  0.0000000000
40498  0.000  0.000  0.000  0.0000000000
40509  3.344  -63.839  -76.898  0.0000000000
40510  3.544  -64.196  -76.592  0.0000000000
40511  0.000  0.000  0.000  0.0000000000
40524  2.359  -62.406  -78.102  0.0000000000
40525  2.681  -62.936  -77.665  0.0000000000
40526  0.000  0.000  0.000  0.0000000000
40539  1.830  -62.468  -78.067  0.0000000000
40540  2.165  -62.847  -77.754  0.0000000000
40541  0.000  0.000  0.000  0.0000000000
40542  0.000  0.000  0.000  0.0000000000
40554  0.569  -61.499  -78.851  0.0000000000
40555  1.193  -61.950  -78.490  0.0000000000
40556  0.000  0.000  0.000  0.0000000000
40564  25.843  -55.587  -44.602  0.0000000000
40565  25.385  -55.600  -44.215  0.0000000000
40566  0.000  0.000  0.000  0.0000000000
40567  0.000  0.000  0.000  0.0000000000
40574  27.317  -55.441  -45.609  0.0000000000
40575  26.829  -55.573  -45.228  0.0000000000
40576  26.331  -55.719  -45.014  0.0000000000
40577  23.232  -55.470  -45.441  0.0000000000
40578  22.475  -55.597  -45.263  0.0000000000
40579  21.788  -55.600  -45.314  0.0000000000
40580  21.335  -55.600  -45.676  0.0000000000
40581  0.000  0.000  0.000  0.0000000000
40582  0.000  0.000  0.000  0.0000000000
40590  27.423  -55.597  -46.211  0.0000000000
40591  24.085  -55.546  -46.136  0.0000000000
40592  23.647  -55.686  -45.729  0.0000000000
40593  21.068  -55.562  -46.190  0.0000000000
40594  0.000  0.000  0.000  0.0000000000
40595  0.000  0.000  0.000  0.0000000000
40607  27.179  -55.600  -46.744  0.0000000000
40608  26.798  -55.612  -47.140  0.0000000000
40609  24.973  -55.586  -46.927  0.0000000000
40610  24.505  -55.755  -46.545  0.0000000000
40611  20.820  -55.581  -46.695  0.0000000000
40612  20.534  -55.586  -47.214  0.0000000000
40613  0.000  0.000  0.000  0.0000000000
40614  0.000  0.000  0.000  0.0000000000
40623  26.469  -55.519  -47.377  0.0000000000
40624  26.001  -55.681  -47.438  0.0000000000
40625  25.429  -55.910  -47.338  0.0000000000
40626  20.313  -55.472  -47.729  0.0000000000
40627  0.000  0.000  0.000  0.0000000000
40628  0.000  0.000  0.000  0.0000000000
40635  20.056  -55.665  -48.346  0.0000000000
40636  19.366  -55.469  -48.531  0.0000000000
40637  18.711  -55.529  -48.465  0.0000000000
40638  18.206  -55.710  -48.139  0.0000000000
40639  20.132  -56.030  -48.793  0.0000000000
40640  19.735  -55.923  -48.860  0.0000000000
40641  19.078  -55.943  -48.857  0.0000000000
42188  5.525  -64.869  -75.904  0.0000000000
42189  0.000  0.000  0.000  0.0000000000
42207  4.973  -64.422  -76.322  0.0000000000
42208  0.000  0.000  0.000  0.0000000000
42230  3.924  -63.791  -76.911  0.0000000000
42231  4.608  -63.919  -76.767  0.0000000000
42232  0.000  0.000  0.000  0.0000000000
42233  0.000  0.000  0.000  0.0000000000
42249  3.622  -63.180  -77.428  0.0000000000
42250  0.000  0.000  0.000  0.0000000000
42251  0.000  0.000  0.000  0.0000000000
42269  2.711  -62.299  -78.176  0.0000000000
42270  3.277  -62.578  -77.931  0.0000000000
42271  0.000  0.000  0.000  0.0000000000
42289  2.160  -61.984  -78.443  0.0000000000
42290  0.000  0.000  0.000  0.0000000000
42291  0.000  0.000  0.000  0.0000000000
42309  0.856  -61.117  -79.145  0.0000000000
42310  1.436  -61.627  -78.740  0.0000000000
42311  0.000  0.000  0.000  0.0000000000
42327  -0.379  -60.262  -79.802  0.0000000000
42328  0.165  -60.804  -79.390  0.0000000000
42329  0.000  0.000  0.000  0.0000000000
42330  0.000  0.000  0.000  0.0000000000
42347  27.422  -54.628  -45.565  0.0000000000
42348  26.975  -54.781  -45.269  0.0000000000
42349  -1.035  -59.884  -80.080  0.0000000000
42350  23.291  -54.644  -45.396  0.0000000000
42351  22.752  -54.767  -45.248  0.0000000000
42352  22.049  -54.800  -45.249  0.0000000000
42353  21.480  -54.800  -45.498  0.0000000000
42354  0.000  0.000  0.000  0.0000000000
42371  27.559  -54.767  -46.040  0.0000000000
42372  24.230  -54.567  -46.207  0.0000000000
42373  23.733  -54.859  -45.753  0.0000000000
42374  21.164  -54.838  -45.996  0.0000000000
42375  0.000  0.000  0.000  0.0000000000
42392  27.324  -54.800  -46.552  0.0000000000
42393  26.683  -54.836  -46.962  0.0000000000
42394  25.857  -54.604  -47.021  0.0000000000
42395  25.151  -54.718  -46.882  0.0000000000
42396  24.588  -55.017  -46.578  0.0000000000
42397  20.901  -54.869  -46.517  0.0000000000
42398  20.632  -54.969  -46.922  0.0000000000
42399  0.000  0.000  0.000  0.0000000000
42400  0.000  0.000  0.000  0.0000000000
42411  26.605  -55.203  -47.248  0.0000000000
42412  26.204  -55.104  -47.283  0.0000000000
42413  25.565  -55.194  -47.220  0.0000000000
42414  20.290  -54.848  -47.396  0.0000000000
42415  19.752  -54.648  -47.705  0.0000000000
42416  19.039  -54.637  -47.774  0.0000000000
42417  0.000  0.000  0.000  0.0000000000
42418  0.000  0.000  0.000  0.0000000000
42427  20.066  -55.089  -47.922  0.0000000000
42428  19.556  -55.034  -48.147  0.0000000000
42429  18.840  -55.058  -48.175  0.0000000000
42430  18.416  -55.227  -48.140  0.0000000000
43874  5.438  -64.434  -76.280  0.0000000000
43887  5.356  -63.683  -76.914  0.0000000000
43888  5.225  -64.088  -76.586  0.0000000000
43889  0.000  0.000  0.000  0.0000000000
43904  4.567  -63.317  -77.266  0.0000000000
43905  4.952  -63.759  -76.878  0.0000000000
43906  0.000  0.000  0.000  0.0000000000
43917  3.946  -62.717  -77.788  0.0000000000
43918  0.000  0.000  0.000  0.0000000000
43919  0.000  0.000  0.000  0.0000000000
43928  3.119  -62.156  -78.274  0.0000000000
43929  3.552  -62.330  -78.118  0.0000000000
43930  0.000  0.000  0.000  0.0000000000
43931  0.000  0.000  0.000  0.0000000000
43940  2.670  -61.778  -78.590  0.0000000000
43941  0.000  0.000  0.000  0.0000000000
43942  0.000  0.000  0.000  0.0000000000
43952  1.275  -61.082  -79.167  0.0000000000
43953  1.946  -61.328  -78.963  0.0000000000
43954  0.000  0.000  0.000  0.0000000000
43961  0.163  -60.213  -79.840  0.0000000000
43962  0.773  -60.661  -79.496  0.0000000000
43963  0.000  0.000  0.000  0.0000000000
43964  0.000  0.000  0.000  0.0000000000
43970  27.215  -53.981  -45.356  0.0000000000
43971  26.627  -54.060  -45.078  0.0000000000
43972  -0.467  -59.779  -80.164  0.0000000000
43973  23.577  -54.041  -45.531  0.0000000000
43974  23.052  -53.981  -45.293  0.0000000000
43975  22.343  -54.000  -45.216  0.0000000000
43976  21.657  -54.000  -45.363  0.0000000000
43977  0.000  0.000  0.000  0.0000000000
43985  -1.981  -58.063  -81.393  0.0000000000
43986  27.726  -53.956  -45.907  0.0000000000
43987  24.340  -53.876  -46.243  0.0000000000
43988  23.975  -54.008  -45.901  0.0000000000
43989  -9.718  -53.222  -84.101  0.0000000000
43990  -10.243  -52.707  -84.363  0.0000000000
43991  0.000  0.000  0.000  0.0000000000
44001  28.014  -53.636  -46.259  0.0000000000
44002  27.673  -53.967  -46.457  0.0000000000
44003  27.063  -54.000  -46.764  0.0000000000
44004  26.281  -53.967  -46.858  0.0000000000
44005  25.475  -53.965  -46.795  0.0000000000
44006  24.744  -54.122  -46.560  0.0000000000
44007  20.914  -54.280  -46.306  0.0000000000
44008  -10.852  -52.802  -84.227  0.0000000000
44009  -11.457  -52.205  -84.519  0.0000000000
44010  19.043  -53.757  -47.029  0.0000000000
44011  0.000  0.000  0.000  0.0000000000
44012  0.000  0.000  0.000  0.0000000000
44022  19.968  -54.286  -47.294  0.0000000000
44023  19.380  -54.201  -47.399  0.0000000000
44024  18.633  -54.260  -47.365  0.0000000000
44025  0.000  0.000  0.000  0.0000000000
45389  0.000  0.000  0.000  0.0000000000
45410  5.672  -62.792  -77.621  0.0000000000
45411  5.403  -63.017  -77.458  0.0000000000
45412  0.000  0.000  0.000  0.0000000000
45433  4.045  -62.003  -78.353  0.0000000000
45434  4.551  -62.517  -77.916  0.0000000000
45435  0.000  0.000  0.000  0.0000000000
45436  0.000  0.000  0.000  0.0000000000
45454  3.348  -61.769  -78.571  0.0000000000
45455  3.872  -62.269  -78.151  0.0000000000
45456  0.000  0.000  0.000  0.0000000000
45457  0.000  0.000  0.000  0.0000000000
45472  1.997  -60.713  -79.435  0.0000000000
45473  2.518  -61.176  -79.065  0.0000000000
45474  0.000  0.000  0.000  0.0000000000
45475  0.000  0.000  0.000  0.0000000000
45486  1.457  -60.715  -79.445  0.0000000000
45487  1.966  -60.958  -79.248  0.0000000000
45488  0.000  0.000  0.000  0.0000000000
45489  0.000  0.000  0.000  0.0000000000
45495  0.232  -59.308  -80.514  0.0000000000
45496  0.147  -59.659  -80.254  0.0000000000
45497  0.826  -60.195  -79.849  0.0000000000
45498  0.000  0.000  0.000  0.0000000000
45499  0.000  0.000  0.000  0.0000000000
45505  -1.340  -57.984  -81.462  0.0000000000
45506  -1.257  -58.320  -81.223  0.0000000000
45507  -0.471  -59.041  -80.709  0.0000000000
45508  -0.489  -59.462  -80.399  0.0000000000
45509  24.226  -52.816  -45.620  0.0000000000
45510  23.686  -53.200  -45.461  0.0000000000
45511  22.878  -53.200  -45.225  0.0000000000
45512  -8.643  -53.150  -84.264  0.0000000000
45513  -9.391  -52.629  -84.510  0.0000000000
45514  -9.851  -52.005  -84.843  0.0000000000
45515  0.000  0.000  0.000  0.0000000000
45526  -1.767  -57.923  -81.497  0.0000000000
45527  -1.817  -58.116  -81.359  0.0000000000
45528  24.990  -52.816  -46.348  0.0000000000
45529  24.419  -53.188  -46.014  0.0000000000
45530  23.855  -53.584  -45.697  0.0000000000
45531  -9.936  -52.492  -84.533  0.0000000000
45532  -10.428  -51.953  -84.806  0.0000000000
45533  -11.029  -51.483  -85.017  0.0000000000
45534  0.000  0.000  0.000  0.0000000000
45543  -2.170  -57.708  -81.640  0.0000000000
45544  27.582  -53.200  -46.706  0.0000000000
45545  26.865  -53.200  -46.800  0.0000000000
45546  26.053  -53.200  -46.775  0.0000000000
45547  25.185  -53.211  -46.555  0.0000000000
45548  24.608  -53.577  -46.394  0.0000000000
45549  -11.039  -52.000  -84.701  0.0000000000
45550  19.507  -53.176  -46.624  0.0000000000
45551  0.000  0.000  0.000  0.0000000000
45552  0.000  0.000  0.000  0.0000000000
45553  0.000  0.000  0.000  0.0000000000
46990  5.461  -62.679  -77.727  0.0000000000
47011  4.661  -61.888  -78.410  0.0000000000
47012  5.132  -62.455  -77.930  0.0000000000
47030  3.418  -60.840  -79.289  0.0000000000
47031  3.825  -61.497  -78.762  0.0000000000
47032  0.000  0.000  0.000  0.0000000000
47033  0.000  0.000  0.000  0.0000000000
47050  2.499  -60.556  -79.540  0.0000000000
47051  3.114  -61.148  -79.065  0.0000000000
47052  0.000  0.000  0.000  0.0000000000
47053  0.000  0.000  0.000  0.0000000000
47072  1.629  -59.735  -80.182  0.0000000000
47073  1.541  -60.149  -79.873  0.0000000000
47074  0.000  0.000  0.000  0.0000000000
47087  0.327  -58.995  -80.743  0.0000000000
47088  0.981  -59.516  -80.355  0.0000000000
47089  0.839  -59.873  -80.091  0.0000000000
47090  0.000  0.000  0.000  0.0000000000
47091  0.000  0.000  0.000  0.0000000000
47103  -1.255  -57.797  -81.596  0.0000000000
47104  -0.833  -58.094  -81.391  0.0000000000
47105  -0.310  -58.530  -81.081  0.0000000000
47106  24.148  -52.373  -45.494  0.0000000000
47107  23.547  -52.400  -45.291  0.0000000000
47108  -8.179  -52.892  -84.472  0.0000000000
47109  -8.872  -52.251  -84.801  0.0000000000
47110  -9.500  -51.714  -85.062  0.0000000000
47111  -10.147  -51.278  -85.250  0.0000000000
47112  0.000  0.000  0.000  0.0000000000
47113  0.000  0.000  0.000  0.0000000000
47124  -1.737  -57.482  -81.810  0.0000000000
47125  24.991  -52.392  -46.199  0.0000000000
47126  24.564  -52.373  -45.826  0.0000000000
47127  -10.774  -51.097  -85.282  0.0000000000
47128  0.000  0.000  0.000  0.0000000000
47129  0.000  0.000  0.000  0.0000000000
47130  0.000  0.000  0.000  0.0000000000
47131  0.000  0.000  0.000  0.0000000000
47136  -2.287  -57.270  -81.944  0.0000000000
47137  -2.911  -57.009  -82.106  0.0000000000
47138  26.735  -52.400  -46.800  0.0000000000
47139  25.971  -52.416  -46.726  0.0000000000
47140  25.415  -52.409  -46.518  0.0000000000
47141  0.000  0.000  0.000  0.0000000000
47142  0.000  0.000  0.000  0.0000000000
47143  0.000  0.000  0.000  0.0000000000
47144  0.000  0.000  0.000  0.0000000000
48736  4.145  -61.215  -78.966  0.0000000000
48738  0.000  0.000  0.000  0.0000000000
48739  0.000  0.000  0.000  0.0000000000
48756  2.897  -60.142  -79.840  0.0000000000
48757  0.000  0.000  0.000  0.0000000000
48758  0.000  0.000  0.000  0.0000000000
48774  1.559  -58.752  -80.906  0.0000000000
48775  1.899  -59.319  -80.484  0.0000000000
48776  2.115  -59.979  -79.988  0.0000000000
48777  0.000  0.000  0.000  0.0000000000
48778  0.000  0.000  0.000  0.0000000000
48786  0.340  -58.008  -81.455  0.0000000000
48787  0.697  -58.529  -81.079  0.0000000000
48788  0.983  -59.093  -80.666  0.0000000000
48789  -8.315  -51.388  -85.383  0.0000000000
48790  -8.677  -51.147  -85.491  0.0000000000
48791  -9.280  -50.647  -85.725  0.0000000000
48792  -9.913  -50.160  -85.940  0.0000000000
48793  0.000  0.000  0.000  0.0000000000
48794  0.000  0.000  0.000  0.0000000000
48801  -1.016  -57.426  -81.861  0.0000000000
48802  -0.325  -57.881  -81.546  0.0000000000
48803  -0.198  -58.255  -81.279  0.0000000000
48804  -6.960  -53.463  -84.222  0.0000000000
48805  -7.626  -52.801  -84.580  0.0000000000
48806  -8.304  -51.914  -85.064  0.0000000000
48807  -9.074  -51.412  -85.290  0.0000000000
48808  -9.757  -50.864  -85.544  0.0000000000
48809  -10.624  -50.334  -85.753  0.0000000000
48810  0.000  0.000  0.000  0.0000000000
48811  0.000  0.000  0.000  0.0000000000
48812  0.000  0.000  0.000  0.0000000000
48813  0.000  0.000  0.000  0.0000000000
48817  -1.573  -57.069  -82.102  0.0000000000
48818  -4.957  -55.027  -83.351  0.0000000000
48819  25.048  -51.620  -46.047  0.0000000000
48820  24.534  -51.772  -45.710  0.0000000000
48821  0.000  0.000  0.000  0.0000000000
48822  0.000  0.000  0.000  0.0000000000
48823  0.000  0.000  0.000  0.0000000000
48824  0.000  0.000  0.000  0.0000000000
48825  0.000  0.000  0.000  0.0000000000
48826  -2.328  -56.813  -82.261  0.0000000000
48827  -3.160  -56.475  -82.466  0.0000000000
48828  -3.924  -56.027  -82.738  0.0000000000
48829  25.897  -51.777  -46.590  0.0000000000
48830  25.402  -51.873  -46.388  0.0000000000
50351  -9.113  -48.800  -86.807  0.0000000000
50352  -9.448  -48.503  -86.938  0.0000000000
50369  -9.203  -48.964  -86.705  0.0000000000
50370  -9.869  -48.492  -86.897  0.0000000000
50371  0.000  0.000  0.000  0.0000000000
50372  0.000  0.000  0.000  0.0000000000
50380  1.964  -58.892  -80.795  0.0000000000
50381  -9.371  -49.266  -86.516  0.0000000000
50382  -10.023  -48.986  -86.602  0.0000000000
50383  0.000  0.000  0.000  0.0000000000
50384  0.000  0.000  0.000  0.0000000000
50385  0.000  0.000  0.000  0.0000000000
50390  0.767  -58.129  -81.366  0.0000000000
50391  -8.252  -51.069  -85.580  0.0000000000
50392  -8.728  -50.549  -85.841  0.0000000000
50393  -9.382  -49.845  -86.183  0.0000000000
50394  -10.355  -49.430  -86.310  0.0000000000
50395  0.000  0.000  0.000  0.0000000000
50396  0.000  0.000  0.000  0.0000000000
50397  0.000  0.000  0.000  0.0000000000
50398  0.000  0.000  0.000  0.0000000000
50399  0.000  0.000  0.000  0.0000000000
50405  -0.364  -57.487  -81.824  0.0000000000
50406  -6.942  -52.893  -84.582  0.0000000000
50407  -7.536  -52.183  -84.971  0.0000000000
50408  -7.945  -51.528  -85.333  0.0000000000
50409  0.000  0.000  0.000  0.0000000000
50410  0.000  0.000  0.000  0.0000000000
50411  0.000  0.000  0.000  0.0000000000
50412  0.000  0.000  0.000  0.0000000000
50413  0.000  0.000  0.000  0.0000000000
50414  0.000  0.000  0.000  0.0000000000
50416  -1.189  -56.765  -82.318  0.0000000000
50417  -2.799  -55.845  -82.907  0.0000000000
50418  -3.385  -55.579  -83.063  0.0000000000
50419  -4.357  -55.093  -83.342  0.0000000000
50420  -5.274  -54.380  -83.756  0.0000000000
50421  -6.214  -53.690  -84.135  0.0000000000
50422  0.000  0.000  0.000  0.0000000000
50423  0.000  0.000  0.000  0.0000000000
50424  0.000  0.000  0.000  0.0000000000
50425  -1.310  -56.574  -82.448  0.0000000000
50426  -1.731  -56.661  -82.380  0.0000000000
50427  -2.612  -56.233  -82.650  0.0000000000
50428  -3.594  -55.851  -82.872  0.0000000000
50429  -4.299  -55.532  -83.052  0.0000000000
52025  -8.628  -48.200  -87.191  0.0000000000
52026  -8.892  -48.024  -87.262  0.0000000000
52027  0.000  0.000  0.000  0.0000000000
52028  0.000  0.000  0.000  0.0000000000
52049  -8.513  -48.467  -87.054  0.0000000000
52050  -9.094  -48.423  -87.020  0.0000000000
52051  0.000  0.000  0.000  0.0000000000
52052  0.000  0.000  0.000  0.0000000000
52053  0.000  0.000  0.000  0.0000000000
52064  -8.316  -49.074  -86.733  0.0000000000
52065  -8.740  -49.170  -86.637  0.0000000000
52066  0.000  0.000  0.000  0.0000000000
52067  0.000  0.000  0.000  0.0000000000
52068  0.000  0.000  0.000  0.0000000000
52069  0.000  0.000  0.000  0.0000000000
52079  -7.751  -50.230  -86.121  0.0000000000
52080  -8.033  -49.857  -86.312  0.0000000000
52081  -8.833  -49.557  -86.407  0.0000000000
52082  0.000  0.000  0.000  0.0000000000
52083  0.000  0.000  0.000  0.0000000000
52084  0.000  0.000  0.000  0.0000000000
52085  0.000  0.000  0.000  0.0000000000
52086  0.000  0.000  0.000  0.0000000000
52093  -7.523  -51.209  -85.563  0.0000000000
52094  -7.804  -50.643  -85.874  0.0000000000
52095  -8.621  -50.068  -86.133  0.0000000000
52096  -9.018  -49.710  -86.300  0.0000000000
52097  0.000  0.000  0.000  0.0000000000
52098  0.000  0.000  0.000  0.0000000000
52099  0.000  0.000  0.000  0.0000000000
52100  0.000  0.000  0.000  0.0000000000
52106  -6.101  -52.854  -84.671  0.0000000000
52107  -6.811  -52.332  -84.941  0.0000000000
52108  -7.406  -51.647  -85.309  0.0000000000
52109  -7.809  -51.186  -85.551  0.0000000000
52110  0.000  0.000  0.000  0.0000000000
52111  0.000  0.000  0.000  0.0000000000
52113  -2.145  -55.864  -82.913  0.0000000000
52114  -3.032  -55.459  -83.157  0.0000000000
52115  -3.987  -54.865  -83.510  0.0000000000
52116  -4.829  -54.297  -83.837  0.0000000000
52117  -5.662  -53.607  -84.227  0.0000000000
52118  -6.364  -53.039  -84.536  0.0000000000
52119  -1.592  -56.491  -82.500  0.0000000000
52120  -1.960  -56.294  -82.627  0.0000000000
52121  -2.465  -55.949  -82.847  0.0000000000
53854  0.000  0.000  0.000  0.0000000000
53855  0.000  0.000  0.000  0.0000000000
53856  0.000  0.000  0.000  0.0000000000
53875  -8.378  -48.094  -87.274  0.0000000000
53876  0.000  0.000  0.000  0.0000000000
53877  0.000  0.000  0.000  0.0000000000
53878  0.000  0.000  0.000  0.0000000000
53903  -7.171  -49.183  -86.773  0.0000000000
53904  -7.756  -48.885  -86.891  0.0000000000
53905  0.000  0.000  0.000  0.0000000000
53906  0.000  0.000  0.000  0.0000000000
53924  -7.245  -49.617  -86.520  0.0000000000
53925  -7.740  -49.614  -86.478  0.0000000000
53926  0.000  0.000  0.000  0.0000000000
53927  0.000  0.000  0.000  0.0000000000
53938  -7.464  -50.175  -86.179  0.0000000000
53939  -7.703  -49.936  -86.296  0.0000000000
53940  0.000  0.000  0.000  0.0000000000
53941  0.000  0.000  0.000  0.0000000000
53948  -6.364  -51.773  -85.318  0.0000000000
53949  -6.967  -51.368  -85.515  0.0000000000
53950  -7.145  -50.699  -85.898  0.0000000000
53955  -5.352  -53.212  -84.498  0.0000000000
53956  -6.312  -52.180  -85.073  0.0000000000
53957  -6.889  -51.866  -85.220  0.0000000000
53962  -4.593  -54.102  -83.975  0.0000000000
53963  -5.140  -53.778  -84.151  0.0000000000
55643  -7.880  -47.562  -87.612  0.0000000000
55665  -7.593  -48.393  -87.181  0.0000000000
55691  -6.978  -48.891  -86.954  0.0000000000
55692  -7.348  -48.815  -86.966  0.0000000000
55713  -6.192  -50.297  -86.208  0.0000000000
55714  -6.579  -49.839  -86.445  0.0000000000
55728  -6.234  -50.678  -85.982  0.0000000000
55729  -6.878  -50.284  -86.164  0.0000000000
55737  -6.073  -51.550  -85.473  0.0000000000
55738  -6.725  -50.869  -85.832  0.0000000000
55739  -7.015  -50.532  -86.007  0.0000000000
55746  -5.694  -52.378  -84.995  0.0000000000
55747  -6.110  -51.972  -85.215  0.0000000000
57565  -5.861  -50.804  -85.934  0.0000000000
57566  -5.992  -50.533  -86.085  0.0000000000
